JSPACE = 0
   1 H           0  1  0  0  0  0  0  0  0  0  0  0  0  0  0.00000000e+00
   2 C           0  0  0  1  0  0  0  0  0  0  0  0  0  0  0.00000000e+00
   3 Fe          0  0  0  0  0  0  0  0  1  0  0  0  0  0  0.00000000e+00
   4 Mg          0  0  0  0  0  0  0  0  0  0  1  0  0  0  0.00000000e+00
   5 S           0  0  0  0  0  0  0  1  0  0  0  0  0  0  0.00000000e+00
   6 Si          0  0  0  0  0  0  1  0  0  0  0  0  0  0  0.00000000e+00
   7 O           0  0  0  0  0  1  0  0  0  0  0  0  0  0  2.40000000e-04
   8 N           0  0  0  0  1  0  0  0  0  0  0  0  0  0  6.20000000e-05
   9 He          0  0  1  0  0  0  0  0  0  0  0  0  0  0  0.09000000e+00
  10 Cl          0  0  0  0  0  0  0  0  0  0  0  1  0  0  0.00000000e+00
  11 Na          0  0  0  0  0  0  0  0  0  1  0  0  0  0  0.00000000e+00
  12 P           0  0  0  0  0  0  0  0  0  0  0  0  1  0  0.00000000e+00
  13 F           0  0  0  0  0  0  0  0  0  0  0  0  0  1  6.68000000e-09
  14 OH          0  1  0  0  0  1  0  0  0  0  0  0  0  0  0.00000000e+00
  15 CO          0  0  0  1  0  1  0  0  0  0  0  0  0  0  0.00000000e+00
  16 CS          0  0  0  1  0  0  0  1  0  0  0  0  0  0  0.00000000e+00
  17 HS          0  1  0  0  0  0  0  1  0  0  0  0  0  0  0.00000000e+00
  18 N2          0  0  0  0  2  0  0  0  0  0  0  0  0  0  0.00000000e+00
  19 NH          0  1  0  0  1  0  0  0  0  0  0  0  0  0  0.00000000e+00
  20 SiH         0  1  0  0  0  0  1  0  0  0  0  0  0  0  0.00000000e+00
  21 SiO         0  0  0  0  0  1  1  0  0  0  0  0  0  0  0.00000000e+00
  22 SO          0  0  0  0  0  1  0  1  0  0  0  0  0  0  0.00000000e+00
  23 CH          0  1  0  1  0  0  0  0  0  0  0  0  0  0  0.00000000e+00
  24 O2          0  0  0  0  0  2  0  0  0  0  0  0  0  0  0.00000000e+00
  25 H2          0  2  0  0  0  0  0  0  0  0  0  0  0  0  5.00000000e-01
  26 C2          0  0  0  2  0  0  0  0  0  0  0  0  0  0  0.00000000e+00
  27 CN          0  0  0  1  1  0  0  0  0  0  0  0  0  0  0.00000000e+00
  28 MgH         0  1  0  0  0  0  0  0  0  0  1  0  0  0  0.00000000e+00
  29 NaH         0  1  0  0  0  0  0  0  0  1  0  0  0  0  0.00000000e+00
  30 NO          0  0  0  0  1  1  0  0  0  0  0  0  0  0  0.00000000e+00
  31 NS          0  0  0  0  1  0  0  1  0  0  0  0  0  0  0.00000000e+00
  32 PH          0  1  0  0  0  0  0  0  0  0  0  0  1  0  0.00000000e+00
  33 PN          0  0  0  0  1  0  0  0  0  0  0  0  1  0  0.00000000e+00
  34 PO          0  0  0  0  0  1  0  0  0  0  0  0  1  0  0.00000000e+00
  35 S2          0  0  0  0  0  0  0  2  0  0  0  0  0  0  0.00000000e+00
  36 SiC         0  0  0  1  0  0  1  0  0  0  0  0  0  0  0.00000000e+00
  37 SiN         0  0  0  0  1  0  1  0  0  0  0  0  0  0  0.00000000e+00
  38 SiS         0  0  0  0  0  0  1  1  0  0  0  0  0  0  0.00000000e+00
  39 CCl         0  0  0  1  0  0  0  0  0  0  0  1  0  0  0.00000000e+00
  40 ClO         0  0  0  0  0  1  0  0  0  0  0  1  0  0  0.00000000e+00
  41 CP          0  0  0  1  0  0  0  0  0  0  0  0  1  0  0.00000000e+00
  42 HCl         0  1  0  0  0  0  0  0  0  0  0  1  0  0  0.00000000e+00
  43 HF          0  1  0  0  0  0  0  0  0  0  0  0  0  1  0.00000000e+00
  44 CCH         0  1  0  2  0  0  0  0  0  0  0  0  0  0  0.00000000e+00
  45 C3          0  0  0  3  0  0  0  0  0  0  0  0  0  0  0.00000000e+00
  46 CH2         0  2  0  1  0  0  0  0  0  0  0  0  0  0  0.00000000e+00
  47 SO2         0  0  0  0  0  2  0  1  0  0  0  0  0  0  0.00000000e+00
  48 H2O         0  2  0  0  0  1  0  0  0  0  0  0  0  0  0.00000000e+00
  49 HCN         0  1  0  1  1  0  0  0  0  0  0  0  0  0  0.00000000e+00
  50 HCSi        0  1  0  1  0  0  1  0  0  0  0  0  0  0  0.00000000e+00
  51 CCN         0  0  0  2  1  0  0  0  0  0  0  0  0  0  0.00000000e+00
  52 CCS         0  0  0  2  0  0  0  1  0  0  0  0  0  0  0.00000000e+00
  53 CCO         0  0  0  2  0  1  0  0  0  0  0  0  0  0  0.00000000e+00
  54 CCP         0  0  0  2  0  0  0  0  0  0  0  0  1  0  0.00000000e+00
  55 CO2         0  0  0  1  0  2  0  0  0  0  0  0  0  0  0.00000000e+00
  56 H2S         0  2  0  0  0  0  0  1  0  0  0  0  0  0  0.00000000e+00
  57 HCO         0  1  0  1  0  1  0  0  0  0  0  0  0  0  0.00000000e+00
  58 HCP         0  1  0  1  0  0  0  0  0  0  0  0  1  0  0.00000000e+00
  59 HCS         0  1  0  1  0  0  0  1  0  0  0  0  0  0  0.00000000e+00
  60 HNC         0  1  0  1  1  0  0  0  0  0  0  0  0  0  0.00000000e+00
  61 HNO         0  1  0  0  1  1  0  0  0  0  0  0  0  0  0.00000000e+00
  62 HNSi        0  1  0  0  1  0  1  0  0  0  0  0  0  0  0.00000000e+00
  63 HPO         0  1  0  0  0  1  0  0  0  0  0  0  1  0  0.00000000e+00
  64 HSS         0  1  0  0  0  0  0  2  0  0  0  0  0  0  0.00000000e+00
  65 N2O         0  0  0  0  2  1  0  0  0  0  0  0  0  0  0.00000000e+00
  66 NaOH        0  1  0  0  0  1  0  0  0  1  0  0  0  0  0.00000000e+00
  67 NH2         0  2  0  0  1  0  0  0  0  0  0  0  0  0  0.00000000e+00
  68 NO2         0  0  0  0  1  2  0  0  0  0  0  0  0  0  0.00000000e+00
  69 O2H         0  1  0  0  0  2  0  0  0  0  0  0  0  0  0.00000000e+00
  70 OCN         0  0  0  1  1  1  0  0  0  0  0  0  0  0  0.00000000e+00
  71 OCS         0  0  0  1  0  1  0  1  0  0  0  0  0  0  0.00000000e+00
  72 PH2         0  2  0  0  0  0  0  0  0  0  0  0  1  0  0.00000000e+00
  73 c-SiC2      0  0  0  2  0  0  1  0  0  0  0  0  0  0  0.00000000e+00
  74 SiH2        0  2  0  0  0  0  1  0  0  0  0  0  0  0  0.00000000e+00
  75 SiNC        0  0  0  1  1  0  1  0  0  0  0  0  0  0  0.00000000e+00
  76 SiO2        0  0  0  0  0  2  1  0  0  0  0  0  0  0  0.00000000e+00
  77 C4          0  0  0  4  0  0  0  0  0  0  0  0  0  0  0.00000000e+00
  78 c-C3H       0  1  0  3  0  0  0  0  0  0  0  0  0  0  0.00000000e+00
  79 l-C3H       0  1  0  3  0  0  0  0  0  0  0  0  0  0  0.00000000e+00
  80 CH3         0  3  0  1  0  0  0  0  0  0  0  0  0  0  0.00000000e+00
  81 C2H2        0  2  0  2  0  0  0  0  0  0  0  0  0  0  0.00000000e+00
  82 NH3         0  3  0  0  1  0  0  0  0  0  0  0  0  0  0.00000000e+00
  83 SiCH2       0  2  0  1  0  0  1  0  0  0  0  0  0  0  0.00000000e+00
  84 C3N         0  0  0  3  1  0  0  0  0  0  0  0  0  0  0.00000000e+00
  85 C3O         0  0  0  3  0  1  0  0  0  0  0  0  0  0  0.00000000e+00
  86 C3P         0  0  0  3  0  0  0  0  0  0  0  0  1  0  0.00000000e+00
  87 C3S         0  0  0  3  0  0  0  1  0  0  0  0  0  0  0.00000000e+00
  88 H2CO        0  2  0  1  0  1  0  0  0  0  0  0  0  0  0.00000000e+00
  89 H2CS        0  2  0  1  0  0  0  1  0  0  0  0  0  0  0.00000000e+00
  90 HOOH        0  2  0  0  0  2  0  0  0  0  0  0  0  0  0.00000000e+00
  91 HSSH        0  2  0  0  0  0  0  2  0  0  0  0  0  0  0.00000000e+00
  92 H2SiO       0  2  0  0  0  1  1  0  0  0  0  0  0  0  0.00000000e+00
  93 HCCP        0  1  0  2  0  0  0  0  0  0  0  0  1  0  0.00000000e+00
  94 HCCSi       0  1  0  2  0  0  1  0  0  0  0  0  0  0  0.00000000e+00
  95 l-SiC3      0  0  0  3  0  0  1  0  0  0  0  0  0  0  0.00000000e+00
  96 SiH3        0  3  0  0  0  0  1  0  0  0  0  0  0  0  0.00000000e+00
  97 H2CN        0  2  0  1  1  0  0  0  0  0  0  0  0  0  0.00000000e+00
  98 C5          0  0  0  5  0  0  0  0  0  0  0  0  0  0  0.00000000e+00
  99 c-C3H2      0  2  0  3  0  0  0  0  0  0  0  0  0  0  0.00000000e+00
 100 l-C3H2      0  2  0  3  0  0  0  0  0  0  0  0  0  0  0.00000000e+00
 101 C4H         0  1  0  4  0  0  0  0  0  0  0  0  0  0  0.00000000e+00
 102 CH4         0  4  0  1  0  0  0  0  0  0  0  0  0  0  0.00000000e+00
 103 HC3N        0  1  0  3  1  0  0  0  0  0  0  0  0  0  0.00000000e+00
 104 H2CCN       0  2  0  2  1  0  0  0  0  0  0  0  0  0  0.00000000e+00
 105 H2CCO       0  2  0  2  0  1  0  0  0  0  0  0  0  0  0.00000000e+00
 106 C2H3        0  3  0  2  0  0  0  0  0  0  0  0  0  0  0.00000000e+00
 107 C4N         0  0  0  4  1  0  0  0  0  0  0  0  0  0  0.00000000e+00
 108 C4P         0  0  0  4  0  0  0  0  0  0  0  0  1  0  0.00000000e+00
 109 C4S         0  0  0  4  0  0  0  1  0  0  0  0  0  0  0.00000000e+00
 110 HCOOH       0  2  0  1  0  2  0  0  0  0  0  0  0  0  0.00000000e+00
 111 CH2PH       0  3  0  1  0  0  0  0  0  0  0  0  1  0  0.00000000e+00
 112 CH2NH       0  3  0  1  1  0  0  0  0  0  0  0  0  0  0.00000000e+00
 113 c-HCCHSi    0  2  0  2  0  0  1  0  0  0  0  0  0  0  0.00000000e+00
 114 SiC3H       0  1  0  3  0  0  1  0  0  0  0  0  0  0  0.00000000e+00
 115 SiC4        0  0  0  4  0  0  1  0  0  0  0  0  0  0  0.00000000e+00
 116 SiCH3       0  3  0  1  0  0  1  0  0  0  0  0  0  0  0.00000000e+00
 117 SiH4        0  4  0  0  0  0  1  0  0  0  0  0  0  0  0.00000000e+00
 118 HCNCC       0  1  0  3  1  0  0  0  0  0  0  0  0  0  0.00000000e+00
 119 HCCNC       0  1  0  3  1  0  0  0  0  0  0  0  0  0  0.00000000e+00
 120 HNCCC       0  1  0  3  1  0  0  0  0  0  0  0  0  0  0.00000000e+00
 121 NH2CN       0  2  0  1  2  0  0  0  0  0  0  0  0  0  0.00000000e+00
 122 C6          0  0  0  6  0  0  0  0  0  0  0  0  0  0  0.00000000e+00
 123 CH3CN       0  3  0  2  1  0  0  0  0  0  0  0  0  0  0.00000000e+00
 124 CH2CCH      0  3  0  3  0  0  0  0  0  0  0  0  0  0  0.00000000e+00
 125 C2H4        0  4  0  2  0  0  0  0  0  0  0  0  0  0  0.00000000e+00
 126 NC4N        0  0  0  4  2  0  0  0  0  0  0  0  0  0  0.00000000e+00
 127 H2CSiCH     0  3  0  2  0  0  1  0  0  0  0  0  0  0  0.00000000e+00
 128 SiC4H       0  1  0  4  0  0  1  0  0  0  0  0  0  0  0.00000000e+00
 129 HC4N        0  1  0  4  1  0  0  0  0  0  0  0  0  0  0.00000000e+00
 130 C4H2        0  2  0  4  0  0  0  0  0  0  0  0  0  0  0.00000000e+00
 131 C5H         0  1  0  5  0  0  0  0  0  0  0  0  0  0  0.00000000e+00
 132 C5N         0  0  0  5  1  0  0  0  0  0  0  0  0  0  0.00000000e+00
 133 CH3OH       0  4  0  1  0  1  0  0  0  0  0  0  0  0  0.00000000e+00
 134 NH2CHO      0  3  0  1  1  1  0  0  0  0  0  0  0  0  0.00000000e+00
 135 C5O         0  0  0  5  0  1  0  0  0  0  0  0  0  0  0.00000000e+00
 136 C7          0  0  0  7  0  0  0  0  0  0  0  0  0  0  0.00000000e+00
 137 HC5N        0  1  0  5  1  0  0  0  0  0  0  0  0  0  0.00000000e+00
 138 SiC2CH3     0  3  0  3  0  0  1  0  0  0  0  0  0  0  0.00000000e+00
 139 CH3CHO      0  4  0  2  0  1  0  0  0  0  0  0  0  0  0.00000000e+00
 140 C2H5        0  5  0  2  0  0  0  0  0  0  0  0  0  0  0.00000000e+00
 141 CH2CHCN     0  3  0  3  1  0  0  0  0  0  0  0  0  0  0.00000000e+00
 142 CH3CCH      0  4  0  3  0  0  0  0  0  0  0  0  0  0  0.00000000e+00
 143 C5H2        0  2  0  5  0  0  0  0  0  0  0  0  0  0  0.00000000e+00
 144 C6H         0  1  0  6  0  0  0  0  0  0  0  0  0  0  0.00000000e+00
 145 CH3NH2      0  5  0  1  1  0  0  0  0  0  0  0  0  0  0.00000000e+00
 146 C4H3        0  3  0  4  0  0  0  0  0  0  0  0  0  0  0.00000000e+00
 147 C6N         0  0  0  6  1  0  0  0  0  0  0  0  0  0  0.00000000e+00
 148 C8          0  0  0  8  0  0  0  0  0  0  0  0  0  0  0.00000000e+00
 149 HC6N        0  1  0  6  1  0  0  0  0  0  0  0  0  0  0.00000000e+00
 150 NC6N        0  0  0  6  2  0  0  0  0  0  0  0  0  0  0.00000000e+00
 151 SiC6H       0  1  0  6  0  0  1  0  0  0  0  0  0  0  0.00000000e+00
 152 CH2CHC2H    0  4  0  4  0  0  0  0  0  0  0  0  0  0  0.00000000e+00
 153 C6H2        0  2  0  6  0  0  0  0  0  0  0  0  0  0  0.00000000e+00
 154 C7H         0  1  0  7  0  0  0  0  0  0  0  0  0  0  0.00000000e+00
 155 C7N         0  0  0  7  1  0  0  0  0  0  0  0  0  0  0.00000000e+00
 156 CH3C3N      0  3  0  4  1  0  0  0  0  0  0  0  0  0  0.00000000e+00
 157 HCOOCH3     0  4  0  2  0  2  0  0  0  0  0  0  0  0  0.00000000e+00
 158 C2H6        0  6  0  2  0  0  0  0  0  0  0  0  0  0  0.00000000e+00
 159 C7O         0  0  0  7  0  1  0  0  0  0  0  0  0  0  0.00000000e+00
 160 C9          0  0  0  9  0  0  0  0  0  0  0  0  0  0  0.00000000e+00
 161 HC7N        0  1  0  7  1  0  0  0  0  0  0  0  0  0  0.00000000e+00
 162 SiC3H5      0  5  0  3  0  0  1  0  0  0  0  0  0  0  0.00000000e+00
 163 CH3CH2OH    0  6  0  2  0  1  0  0  0  0  0  0  0  0  0.00000000e+00
 164 C7H2        0  2  0  7  0  0  0  0  0  0  0  0  0  0  0.00000000e+00
 165 C8H         0  1  0  8  0  0  0  0  0  0  0  0  0  0  0.00000000e+00
 166 CH3C4H      0  4  0  5  0  0  0  0  0  0  0  0  0  0  0.00000000e+00
 167 CH3OCH3     0  6  0  2  0  1  0  0  0  0  0  0  0  0  0.00000000e+00
 168 CH3CHCH2    0  6  0  3  0  0  0  0  0  0  0  0  0  0  0.00000000e+00
 169 C8N         0  0  0  8  1  0  0  0  0  0  0  0  0  0  0.00000000e+00
 170 C10         0  0  0 10  0  0  0  0  0  0  0  0  0  0  0.00000000e+00
 171 CH3COCH3    0  6  0  3  0  1  0  0  0  0  0  0  0  0  0.00000000e+00
 172 C8H2        0  2  0  8  0  0  0  0  0  0  0  0  0  0  0.00000000e+00
 173 C9H         0  1  0  9  0  0  0  0  0  0  0  0  0  0  0.00000000e+00
 174 C9N         0  0  0  9  1  0  0  0  0  0  0  0  0  0  0.00000000e+00
 175 CH3C5N      0  3  0  6  1  0  0  0  0  0  0  0  0  0  0.00000000e+00
 176 HC8N        0  1  0  8  1  0  0  0  0  0  0  0  0  0  0.00000000e+00
 177 NC8N        0  0  0  8  2  0  0  0  0  0  0  0  0  0  0.00000000e+00
 178 SiC8H       0  1  0  8  0  0  1  0  0  0  0  0  0  0  0.00000000e+00
 179 CH2CHCHCH2  0  6  0  4  0  0  0  0  0  0  0  0  0  0  0.00000000e+00
 180 C9O         0  0  0  9  0  1  0  0  0  0  0  0  0  0  0.00000000e+00
 181 HC9N        0  1  0  9  1  0  0  0  0  0  0  0  0  0  0.00000000e+00
 182 C10H        0  1  0 10  0  0  0  0  0  0  0  0  0  0  0.00000000e+00
 183 C9H2        0  2  0  9  0  0  0  0  0  0  0  0  0  0  0.00000000e+00
 184 CH3C6H      0  4  0  7  0  0  0  0  0  0  0  0  0  0  0.00000000e+00
 185 C11         0  0  0 11  0  0  0  0  0  0  0  0  0  0  0.00000000e+00
 186 C10N        0  0  0 10  1  0  0  0  0  0  0  0  0  0  0.00000000e+00
 187 CH3C7N      0  3  0  8  1  0  0  0  0  0  0  0  0  0  0.00000000e+00
 188 C10H2       0  2  0 10  0  0  0  0  0  0  0  0  0  0  0.00000000e+00
 189 C6H6        0  6  0  6  0  0  0  0  0  0  0  0  0  0  0.00000000e+00
 190 Si+         1  0  0  0  0  0  1  0  0  0  0  0  0  0  8.00000000e-09
 191 C+          1  0  0  1  0  0  0  0  0  0  0  0  0  0  1.70000000e-04
 192 C-         -1  0  0  1  0  0  0  0  0  0  0  0  0  0  0.00000000e+00
 193 H-         -1  1  0  0  0  0  0  0  0  0  0  0  0  0  0.00000000e+00
 194 O-         -1  0  0  0  0  1  0  0  0  0  0  0  0  0  0.00000000e+00
 195 S-         -1  0  0  0  0  0  0  1  0  0  0  0  0  0  0.00000000e+00
 196 He+         1  0  1  0  0  0  0  0  0  0  0  0  0  0  0.00000000e+00
 197 H+          1  1  0  0  0  0  0  0  0  0  0  0  0  0  0.00000000e+00
 198 Fe+         1  0  0  0  0  0  0  0  1  0  0  0  0  0  3.00000000e-09
 199 Mg+         1  0  0  0  0  0  0  0  0  0  1  0  0  0  7.00000000e-09
 200 N+          1  0  0  0  1  0  0  0  0  0  0  0  0  0  0.00000000e+00
 201 Na+         1  0  0  0  0  0  0  0  0  1  0  0  0  0  2.00000000e-09
 202 O+          1  0  0  0  0  1  0  0  0  0  0  0  0  0  0.00000000e+00
 203 S+          1  0  0  0  0  0  0  1  0  0  0  0  0  0  8.00000000e-08
 204 Cl+         1  0  0  0  0  0  0  0  0  0  0  1  0  0  1.00000000e-09
 205 F+          1  0  0  0  0  0  0  0  0  0  0  0  0  1  0.00000000e+00
 206 P+          1  0  0  0  0  0  0  0  0  0  0  0  1  0  2.00000000e-10
 207 e-         -1  0  0  0  0  0  0  0  0  0  0  0  0  0  1.70101200e-04
 208 CH+         1  1  0  1  0  0  0  0  0  0  0  0  0  0  0.00000000e+00
 209 H2+         1  2  0  0  0  0  0  0  0  0  0  0  0  0  0.00000000e+00
 210 OH+         1  1  0  0  0  1  0  0  0  0  0  0  0  0  0.00000000e+00
 211 SiH+        1  1  0  0  0  0  1  0  0  0  0  0  0  0  0.00000000e+00
 212 C2+         1  0  0  2  0  0  0  0  0  0  0  0  0  0  0.00000000e+00
 213 CN-        -1  0  0  1  1  0  0  0  0  0  0  0  0  0  0.00000000e+00
 214 OH-        -1  1  0  0  0  1  0  0  0  0  0  0  0  0  0.00000000e+00
 215 CF+         1  0  0  1  0  0  0  0  0  0  0  0  0  1  0.00000000e+00
 216 HS+         1  1  0  0  0  0  0  1  0  0  0  0  0  0  0.00000000e+00
 217 SO+         1  0  0  0  0  1  0  1  0  0  0  0  0  0  0.00000000e+00
 218 CCl+        1  0  0  1  0  0  0  0  0  0  0  1  0  0  0.00000000e+00
 219 ClO+        1  0  0  0  0  1  0  0  0  0  0  1  0  0  0.00000000e+00
 220 CN+         1  0  0  1  1  0  0  0  0  0  0  0  0  0  0.00000000e+00
 221 CO+         1  0  0  1  0  1  0  0  0  0  0  0  0  0  0.00000000e+00
 222 CP+         1  0  0  1  0  0  0  0  0  0  0  0  1  0  0.00000000e+00
 223 CS+         1  0  0  1  0  0  0  1  0  0  0  0  0  0  0.00000000e+00
 224 HCl+        1  1  0  0  0  0  0  0  0  0  0  1  0  0  0.00000000e+00
 225 HF+         1  1  0  0  0  0  0  0  0  0  0  0  0  1  0.00000000e+00
 226 HeH+        1  1  1  0  0  0  0  0  0  0  0  0  0  0  0.00000000e+00
 227 N2+         1  0  0  0  2  0  0  0  0  0  0  0  0  0  0.00000000e+00
 228 NH+         1  1  0  0  1  0  0  0  0  0  0  0  0  0  0.00000000e+00
 229 NO+         1  0  0  0  1  1  0  0  0  0  0  0  0  0  0.00000000e+00
 230 NS+         1  0  0  0  1  0  0  1  0  0  0  0  0  0  0.00000000e+00
 231 O2+         1  0  0  0  0  2  0  0  0  0  0  0  0  0  0.00000000e+00
 232 PH+         1  1  0  0  0  0  0  0  0  0  0  0  1  0  0.00000000e+00
 233 PN+         1  0  0  0  1  0  0  0  0  0  0  0  1  0  0.00000000e+00
 234 PO+         1  0  0  0  0  1  0  0  0  0  0  0  1  0  0.00000000e+00
 235 S2+         1  0  0  0  0  0  0  2  0  0  0  0  0  0  0.00000000e+00
 236 SiC+        1  0  0  1  0  0  1  0  0  0  0  0  0  0  0.00000000e+00
 237 SiN+        1  0  0  0  1  0  1  0  0  0  0  0  0  0  0.00000000e+00
 238 SiO+        1  0  0  0  0  1  1  0  0  0  0  0  0  0  0.00000000e+00
 239 SiS+        1  0  0  0  0  0  1  1  0  0  0  0  0  0  0.00000000e+00
 240 SiF+        1  0  0  0  0  0  1  0  0  0  0  0  0  1  0.00000000e+00
 241 CH2+        1  2  0  1  0  0  0  0  0  0  0  0  0  0  0.00000000e+00
 242 C2N+        1  0  0  2  1  0  0  0  0  0  0  0  0  0  0.00000000e+00
 243 CNC+        1  0  0  2  1  0  0  0  0  0  0  0  0  0  0.00000000e+00
 244 HSiO+       1  1  0  0  0  1  1  0  0  0  0  0  0  0  0.00000000e+00
 245 N2H+        1  1  0  0  2  0  0  0  0  0  0  0  0  0  0.00000000e+00
 246 C2H+        1  1  0  2  0  0  0  0  0  0  0  0  0  0  0.00000000e+00
 247 H3+         1  3  0  0  0  0  0  0  0  0  0  0  0  0  0.00000000e+00
 248 C3-        -1  0  0  3  0  0  0  0  0  0  0  0  0  0  0.00000000e+00
 249 HCO+        1  1  0  1  0  1  0  0  0  0  0  0  0  0  0.00000000e+00
 250 HSO+        1  1  0  0  0  1  0  1  0  0  0  0  0  0  0.00000000e+00
 251 H2S+        1  2  0  0  0  0  0  1  0  0  0  0  0  0  0.00000000e+00
 252 HCS+        1  1  0  1  0  0  0  1  0  0  0  0  0  0  0.00000000e+00
 253 HPO+        1  1  0  0  0  1  0  0  0  0  0  0  1  0  0.00000000e+00
 254 C2O+        1  0  0  2  0  1  0  0  0  0  0  0  0  0  0.00000000e+00
 255 C2S+        1  0  0  2  0  0  0  1  0  0  0  0  0  0  0.00000000e+00
 256 C3+         1  0  0  3  0  0  0  0  0  0  0  0  0  0  0.00000000e+00
 257 CCP+        1  0  0  2  0  0  0  0  0  0  0  0  1  0  0.00000000e+00
 258 CHSi+       1  1  0  1  0  0  1  0  0  0  0  0  0  0  0.00000000e+00
 259 CO2+        1  0  0  1  0  2  0  0  0  0  0  0  0  0  0.00000000e+00
 260 H2Cl+       1  2  0  0  0  0  0  0  0  0  0  1  0  0  0.00000000e+00
 261 H2F+        1  2  0  0  0  0  0  0  0  0  0  0  0  1  0.00000000e+00
 262 H2O+        1  2  0  0  0  1  0  0  0  0  0  0  0  0  0.00000000e+00
 263 HCN+        1  1  0  1  1  0  0  0  0  0  0  0  0  0  0.00000000e+00
 264 HCP+        1  1  0  1  0  0  0  0  0  0  0  0  1  0  0.00000000e+00
 265 HNC+        1  1  0  1  1  0  0  0  0  0  0  0  0  0  0.00000000e+00
 266 HNO+        1  1  0  0  1  1  0  0  0  0  0  0  0  0  0.00000000e+00
 267 HNS+        1  1  0  0  1  0  0  1  0  0  0  0  0  0  0.00000000e+00
 268 HNSi+       1  1  0  0  1  0  1  0  0  0  0  0  0  0  0.00000000e+00
 269 HOC+        1  1  0  1  0  1  0  0  0  0  0  0  0  0  0.00000000e+00
 270 HPN+        1  1  0  0  1  0  0  0  0  0  0  0  1  0  0.00000000e+00
 271 HSiS+       1  1  0  0  0  0  1  1  0  0  0  0  0  0  0.00000000e+00
 272 NaH2+       1  2  0  0  0  0  0  0  0  1  0  0  0  0  0.00000000e+00
 273 NCO+        1  0  0  1  1  1  0  0  0  0  0  0  0  0  0.00000000e+00
 274 NH2+        1  2  0  0  1  0  0  0  0  0  0  0  0  0  0.00000000e+00
 275 NO2+        1  0  0  0  1  2  0  0  0  0  0  0  0  0  0.00000000e+00
 276 HO2+        1  1  0  0  0  2  0  0  0  0  0  0  0  0  0.00000000e+00
 277 OCS+        1  0  0  1  0  1  0  1  0  0  0  0  0  0  0.00000000e+00
 278 PH2+        1  2  0  0  0  0  0  0  0  0  0  0  1  0  0.00000000e+00
 279 HS2+        1  1  0  0  0  0  0  2  0  0  0  0  0  0  0.00000000e+00
 280 SiC2+       1  0  0  2  0  0  1  0  0  0  0  0  0  0  0.00000000e+00
 281 SiH2+       1  2  0  0  0  0  1  0  0  0  0  0  0  0  0.00000000e+00
 282 SiNC+       1  0  0  1  1  0  1  0  0  0  0  0  0  0  0.00000000e+00
 283 SO2+        1  0  0  0  0  2  0  1  0  0  0  0  0  0  0.00000000e+00
 284 HCNH+       1  2  0  1  1  0  0  0  0  0  0  0  0  0  0.00000000e+00
 285 HC2N+       1  1  0  2  1  0  0  0  0  0  0  0  0  0  0.00000000e+00
 286 C3H+        1  1  0  3  0  0  0  0  0  0  0  0  0  0  0.00000000e+00
 287 C4+         1  0  0  4  0  0  0  0  0  0  0  0  0  0  0.00000000e+00
 288 H2CO+       1  2  0  1  0  1  0  0  0  0  0  0  0  0  0.00000000e+00
 289 CH3+        1  3  0  1  0  0  0  0  0  0  0  0  0  0  0.00000000e+00
 290 C3N-       -1  0  0  3  1  0  0  0  0  0  0  0  0  0  0.00000000e+00
 291 C4-        -1  0  0  4  0  0  0  0  0  0  0  0  0  0  0.00000000e+00
 292 H3O+        1  3  0  0  0  1  0  0  0  0  0  0  0  0  0.00000000e+00
 293 H2NO+       1  2  0  0  1  1  0  0  0  0  0  0  0  0  0.00000000e+00
 294 H3S+        1  3  0  0  0  0  0  1  0  0  0  0  0  0  0.00000000e+00
 295 HC2S+       1  1  0  2  0  0  0  1  0  0  0  0  0  0  0.00000000e+00
 296 HOCS+       1  1  0  1  0  1  0  1  0  0  0  0  0  0  0.00000000e+00
 297 PCH2+       1  2  0  1  0  0  0  0  0  0  0  0  1  0  0.00000000e+00
 298 H2S2+       1  2  0  0  0  0  0  2  0  0  0  0  0  0  0.00000000e+00
 299 C2H2+       1  2  0  2  0  0  0  0  0  0  0  0  0  0  0.00000000e+00
 300 C2HO+       1  1  0  2  0  1  0  0  0  0  0  0  0  0  0.00000000e+00
 301 C2N2+       1  0  0  2  2  0  0  0  0  0  0  0  0  0  0.00000000e+00
 302 C3N+        1  0  0  3  1  0  0  0  0  0  0  0  0  0  0.00000000e+00
 303 C3O+        1  0  0  3  0  1  0  0  0  0  0  0  0  0  0.00000000e+00
 304 C3S+        1  0  0  3  0  0  0  1  0  0  0  0  0  0  0.00000000e+00
 305 CH2Si+      1  2  0  1  0  0  1  0  0  0  0  0  0  0  0.00000000e+00
 306 H2CCl+      1  2  0  1  0  0  0  0  0  0  0  1  0  0  0.00000000e+00
 307 H2CS+       1  2  0  1  0  0  0  1  0  0  0  0  0  0  0.00000000e+00
 308 H2NC+       1  2  0  1  1  0  0  0  0  0  0  0  0  0  0.00000000e+00
 309 H2PO+       1  2  0  0  0  1  0  0  0  0  0  0  1  0  0.00000000e+00
 310 H2SiO+      1  2  0  0  0  1  1  0  0  0  0  0  0  0  0.00000000e+00
 311 HOCO+       1  1  0  1  0  2  0  0  0  0  0  0  0  0  0.00000000e+00
 312 HNCO+       1  1  0  1  1  1  0  0  0  0  0  0  0  0  0.00000000e+00
 313 HSiO2+      1  1  0  0  0  2  1  0  0  0  0  0  0  0  0.00000000e+00
 314 HSO2+       1  1  0  0  0  2  0  1  0  0  0  0  0  0  0.00000000e+00
 315 NaH2O+      1  2  0  0  0  1  0  0  0  1  0  0  0  0  0.00000000e+00
 316 NH3+        1  3  0  0  1  0  0  0  0  0  0  0  0  0  0.00000000e+00
 317 PC2H+       1  1  0  2  0  0  0  0  0  0  0  0  1  0  0.00000000e+00
 318 PH3+        1  3  0  0  0  0  0  0  0  0  0  0  1  0  0.00000000e+00
 319 PNH2+       1  2  0  0  1  0  0  0  0  0  0  0  1  0  0.00000000e+00
 320 SiC2H+      1  1  0  2  0  0  1  0  0  0  0  0  0  0  0.00000000e+00
 321 l-SiC3+     1  0  0  3  0  0  1  0  0  0  0  0  0  0  0.00000000e+00
 322 SiH3+       1  3  0  0  0  0  1  0  0  0  0  0  0  0  0.00000000e+00
 323 SiNCH+      1  1  0  1  1  0  1  0  0  0  0  0  0  0  0.00000000e+00
 324 HSiNH+      1  2  0  0  1  0  1  0  0  0  0  0  0  0  0.00000000e+00
 325 HN2O+       1  1  0  0  2  1  0  0  0  0  0  0  0  0  0.00000000e+00
 326 C2H3+       1  3  0  2  0  0  0  0  0  0  0  0  0  0  0.00000000e+00
 327 c-C3H2+     1  2  0  3  0  0  0  0  0  0  0  0  0  0  0.00000000e+00
 328 l-C3H2+     1  2  0  3  0  0  0  0  0  0  0  0  0  0  0.00000000e+00
 329 C4H+        1  1  0  4  0  0  0  0  0  0  0  0  0  0  0.00000000e+00
 330 C5+         1  0  0  5  0  0  0  0  0  0  0  0  0  0  0.00000000e+00
 331 HC3O+       1  1  0  3  0  1  0  0  0  0  0  0  0  0  0.00000000e+00
 332 C4H-       -1  1  0  4  0  0  0  0  0  0  0  0  0  0  0.00000000e+00
 333 C5-        -1  0  0  5  0  0  0  0  0  0  0  0  0  0  0.00000000e+00
 334 NH4+        1  4  0  0  1  0  0  0  0  0  0  0  0  0  0.00000000e+00
 335 H3CS+       1  3  0  1  0  0  0  1  0  0  0  0  0  0  0.00000000e+00
 336 H2COH+      1  3  0  1  0  1  0  0  0  0  0  0  0  0  0.00000000e+00
 337 H3S2+       1  3  0  0  0  0  0  2  0  0  0  0  0  0  0.00000000e+00
 338 HC3S+       1  1  0  3  0  0  0  1  0  0  0  0  0  0  0.00000000e+00
 339 PC3H+       1  1  0  3  0  0  0  0  0  0  0  0  1  0  0.00000000e+00
 340 PCH3+       1  3  0  1  0  0  0  0  0  0  0  0  1  0  0.00000000e+00
 341 PNH3+       1  3  0  0  1  0  0  0  0  0  0  0  1  0  0.00000000e+00
 342 SiC2H2+     1  2  0  2  0  0  1  0  0  0  0  0  0  0  0.00000000e+00
 343 SiC3H+      1  1  0  3  0  0  1  0  0  0  0  0  0  0  0.00000000e+00
 344 SiC4+       1  0  0  4  0  0  1  0  0  0  0  0  0  0  0.00000000e+00
 345 SiCH3+      1  3  0  1  0  0  1  0  0  0  0  0  0  0  0.00000000e+00
 346 SiH4+       1  4  0  0  0  0  1  0  0  0  0  0  0  0  0.00000000e+00
 347 CH2CN+      1  2  0  2  1  0  0  0  0  0  0  0  0  0  0.00000000e+00
 348 H2CCO+      1  2  0  2  0  1  0  0  0  0  0  0  0  0  0.00000000e+00
 349 HC3N+       1  1  0  3  1  0  0  0  0  0  0  0  0  0  0.00000000e+00
 350 C4N+        1  0  0  4  1  0  0  0  0  0  0  0  0  0  0.00000000e+00
 351 C4P+        1  0  0  4  0  0  0  0  0  0  0  0  1  0  0.00000000e+00
 352 C4S+        1  0  0  4  0  0  0  1  0  0  0  0  0  0  0.00000000e+00
 353 HCOOH+      1  2  0  1  0  2  0  0  0  0  0  0  0  0  0.00000000e+00
 354 CH4+        1  4  0  1  0  0  0  0  0  0  0  0  0  0  0.00000000e+00
 355 H3SiO+      1  3  0  0  0  1  1  0  0  0  0  0  0  0  0.00000000e+00
 356 PC2H2+      1  2  0  2  0  0  0  0  0  0  0  0  1  0  0.00000000e+00
 357 C6+         1  0  0  6  0  0  0  0  0  0  0  0  0  0  0.00000000e+00
 358 HC4N+       1  1  0  4  1  0  0  0  0  0  0  0  0  0  0.00000000e+00
 359 C5H-       -1  1  0  5  0  0  0  0  0  0  0  0  0  0  0.00000000e+00
 360 C6-        -1  0  0  6  0  0  0  0  0  0  0  0  0  0  0.00000000e+00
 361 CH3CO+      1  3  0  2  0  1  0  0  0  0  0  0  0  0  0.00000000e+00
 362 C2H4+       1  4  0  2  0  0  0  0  0  0  0  0  0  0  0.00000000e+00
 363 HC3NH+      1  2  0  3  1  0  0  0  0  0  0  0  0  0  0.00000000e+00
 364 HC4S+       1  1  0  4  0  0  0  1  0  0  0  0  0  0  0.00000000e+00
 365 CH5+        1  5  0  1  0  0  0  0  0  0  0  0  0  0  0.00000000e+00
 366 C4H2+       1  2  0  4  0  0  0  0  0  0  0  0  0  0  0.00000000e+00
 367 C5H+        1  1  0  5  0  0  0  0  0  0  0  0  0  0  0.00000000e+00
 368 CH3CN+      1  3  0  2  1  0  0  0  0  0  0  0  0  0  0.00000000e+00
 369 c-C3H3+     1  3  0  3  0  0  0  0  0  0  0  0  0  0  0.00000000e+00
 370 l-C3H3+     1  3  0  3  0  0  0  0  0  0  0  0  0  0  0.00000000e+00
 371 C5N+        1  0  0  5  1  0  0  0  0  0  0  0  0  0  0.00000000e+00
 372 CH3O2+      1  3  0  1  0  2  0  0  0  0  0  0  0  0  0.00000000e+00
 373 CH2NH2+     1  4  0  1  1  0  0  0  0  0  0  0  0  0  0.00000000e+00
 374 CH3OH+      1  4  0  1  0  1  0  0  0  0  0  0  0  0  0.00000000e+00
 375 H2C3O+      1  2  0  3  0  1  0  0  0  0  0  0  0  0  0.00000000e+00
 376 HC2NCH+     1  2  0  3  1  0  0  0  0  0  0  0  0  0  0.00000000e+00
 377 HC4O+       1  1  0  4  0  1  0  0  0  0  0  0  0  0  0.00000000e+00
 378 NH2CNH+     1  3  0  1  2  0  0  0  0  0  0  0  0  0  0.00000000e+00
 379 PC2H3+      1  3  0  2  0  0  0  0  0  0  0  0  1  0  0.00000000e+00
 380 PC4H+       1  1  0  4  0  0  0  0  0  0  0  0  1  0  0.00000000e+00
 381 PCH4+       1  4  0  1  0  0  0  0  0  0  0  0  1  0  0.00000000e+00
 382 SiC2H3+     1  3  0  2  0  0  1  0  0  0  0  0  0  0  0.00000000e+00
 383 SiC3H2+     1  2  0  3  0  0  1  0  0  0  0  0  0  0  0.00000000e+00
 384 SiC4H+      1  1  0  4  0  0  1  0  0  0  0  0  0  0  0.00000000e+00
 385 SiCH4+      1  4  0  1  0  0  1  0  0  0  0  0  0  0  0.00000000e+00
 386 SiH5+       1  5  0  0  0  0  1  0  0  0  0  0  0  0  0.00000000e+00
 387 C7+         1  0  0  7  0  0  0  0  0  0  0  0  0  0  0.00000000e+00
 388 H2C4N+      1  2  0  4  1  0  0  0  0  0  0  0  0  0  0.00000000e+00
 389 C6H-       -1  1  0  6  0  0  0  0  0  0  0  0  0  0  0.00000000e+00
 390 C7-        -1  0  0  7  0  0  0  0  0  0  0  0  0  0  0.00000000e+00
 391 C4H3+       1  3  0  4  0  0  0  0  0  0  0  0  0  0  0.00000000e+00
 392 C5H2+       1  2  0  5  0  0  0  0  0  0  0  0  0  0  0.00000000e+00
 393 CH3CNH+     1  4  0  2  1  0  0  0  0  0  0  0  0  0  0.00000000e+00
 394 C2H4O+      1  4  0  2  0  1  0  0  0  0  0  0  0  0  0.00000000e+00
 395 C2H5+       1  5  0  2  0  0  0  0  0  0  0  0  0  0  0.00000000e+00
 396 C3H3N+      1  3  0  3  1  0  0  0  0  0  0  0  0  0  0.00000000e+00
 397 C3H4+       1  4  0  3  0  0  0  0  0  0  0  0  0  0  0.00000000e+00
 398 HC5N+       1  1  0  5  1  0  0  0  0  0  0  0  0  0  0.00000000e+00
 399 C6H+        1  1  0  6  0  0  0  0  0  0  0  0  0  0  0.00000000e+00
 400 CH3NH2+     1  5  0  1  1  0  0  0  0  0  0  0  0  0  0.00000000e+00
 401 CH3OH2+     1  5  0  1  0  1  0  0  0  0  0  0  0  0  0.00000000e+00
 402 H3C3O+      1  3  0  3  0  1  0  0  0  0  0  0  0  0  0.00000000e+00
 403 NH2CH2O+    1  4  0  1  1  1  0  0  0  0  0  0  0  0  0.00000000e+00
 404 PC2H4+      1  4  0  2  0  0  0  0  0  0  0  0  1  0  0.00000000e+00
 405 PC4H2+      1  2  0  4  0  0  0  0  0  0  0  0  1  0  0.00000000e+00
 406 HC5O+       1  1  0  5  0  1  0  0  0  0  0  0  0  0  0.00000000e+00
 407 C6N+        1  0  0  6  1  0  0  0  0  0  0  0  0  0  0.00000000e+00
 408 H2C5N+      1  2  0  5  1  0  0  0  0  0  0  0  0  0  0.00000000e+00
 409 C8+         1  0  0  8  0  0  0  0  0  0  0  0  0  0  0.00000000e+00
 410 C7H-       -1  1  0  7  0  0  0  0  0  0  0  0  0  0  0.00000000e+00
 411 C8-        -1  0  0  8  0  0  0  0  0  0  0  0  0  0  0.00000000e+00
 412 C5H3+       1  3  0  5  0  0  0  0  0  0  0  0  0  0  0.00000000e+00
 413 C3H5+       1  5  0  3  0  0  0  0  0  0  0  0  0  0  0.00000000e+00
 414 C6H2+       1  2  0  6  0  0  0  0  0  0  0  0  0  0  0.00000000e+00
 415 C7H+        1  1  0  7  0  0  0  0  0  0  0  0  0  0  0.00000000e+00
 416 CH3CHOH+    1  5  0  2  0  1  0  0  0  0  0  0  0  0  0.00000000e+00
 417 C2H6+       1  6  0  2  0  0  0  0  0  0  0  0  0  0  0.00000000e+00
 418 C3H3NH+     1  4  0  3  1  0  0  0  0  0  0  0  0  0  0.00000000e+00
 419 C4H4+       1  4  0  4  0  0  0  0  0  0  0  0  0  0  0.00000000e+00
 420 C7N+        1  0  0  7  1  0  0  0  0  0  0  0  0  0  0.00000000e+00
 421 CH3NH3+     1  6  0  1  1  0  0  0  0  0  0  0  0  0  0.00000000e+00
 422 COOCH4+     1  4  0  2  0  2  0  0  0  0  0  0  0  0  0.00000000e+00
 423 H3C4N+      1  3  0  4  1  0  0  0  0  0  0  0  0  0  0.00000000e+00
 424 HC6N+       1  1  0  6  1  0  0  0  0  0  0  0  0  0  0.00000000e+00
 425 C9+         1  0  0  9  0  0  0  0  0  0  0  0  0  0  0.00000000e+00
 426 C8H-       -1  1  0  8  0  0  0  0  0  0  0  0  0  0  0.00000000e+00
 427 C9-        -1  0  0  9  0  0  0  0  0  0  0  0  0  0  0.00000000e+00
 428 C4H5+       1  5  0  4  0  0  0  0  0  0  0  0  0  0  0.00000000e+00
 429 C6H3+       1  3  0  6  0  0  0  0  0  0  0  0  0  0  0.00000000e+00
 430 C7H2+       1  2  0  7  0  0  0  0  0  0  0  0  0  0  0.00000000e+00
 431 C2H5OH+     1  6  0  2  0  1  0  0  0  0  0  0  0  0  0.00000000e+00
 432 H3C4NH+     1  4  0  4  1  0  0  0  0  0  0  0  0  0  0.00000000e+00
 433 C5H3N+      1  3  0  5  1  0  0  0  0  0  0  0  0  0  0.00000000e+00
 434 C5H4+       1  4  0  5  0  0  0  0  0  0  0  0  0  0  0.00000000e+00
 435 HC7N+       1  1  0  7  1  0  0  0  0  0  0  0  0  0  0.00000000e+00
 436 C8H+        1  1  0  8  0  0  0  0  0  0  0  0  0  0  0.00000000e+00
 437 CH3OCH3+    1  6  0  2  0  1  0  0  0  0  0  0  0  0  0.00000000e+00
 438 H5C2O2+     1  5  0  2  0  2  0  0  0  0  0  0  0  0  0.00000000e+00
 439 HC7O+       1  1  0  7  0  1  0  0  0  0  0  0  0  0  0.00000000e+00
 440 C8N+        1  0  0  8  1  0  0  0  0  0  0  0  0  0  0.00000000e+00
 441 H2C6N+      1  2  0  6  1  0  0  0  0  0  0  0  0  0  0.00000000e+00
 442 C2H7+       1  7  0  2  0  0  0  0  0  0  0  0  0  0  0.00000000e+00
 443 C10+        1  0  0 10  0  0  0  0  0  0  0  0  0  0  0.00000000e+00
 444 CH3OCH4+    1  7  0  2  0  1  0  0  0  0  0  0  0  0  0.00000000e+00
 445 C9H-       -1  1  0  9  0  0  0  0  0  0  0  0  0  0  0.00000000e+00
 446 C10-       -1  0  0 10  0  0  0  0  0  0  0  0  0  0  0.00000000e+00
 447 C7H2N+      1  2  0  7  1  0  0  0  0  0  0  0  0  0  0.00000000e+00
 448 C7H3+       1  3  0  7  0  0  0  0  0  0  0  0  0  0  0.00000000e+00
 449 C5H5+       1  5  0  5  0  0  0  0  0  0  0  0  0  0  0.00000000e+00
 450 C8H2+       1  2  0  8  0  0  0  0  0  0  0  0  0  0  0.00000000e+00
 451 C9H+        1  1  0  9  0  0  0  0  0  0  0  0  0  0  0.00000000e+00
 452 C2H5OH2+    1  7  0  2  0  1  0  0  0  0  0  0  0  0  0.00000000e+00
 453 C2H6CO+     1  6  0  3  0  1  0  0  0  0  0  0  0  0  0.00000000e+00
 454 C5H4N+      1  4  0  5  1  0  0  0  0  0  0  0  0  0  0.00000000e+00
 455 C6H4+       1  4  0  6  0  0  0  0  0  0  0  0  0  0  0.00000000e+00
 456 C9N+        1  0  0  9  1  0  0  0  0  0  0  0  0  0  0.00000000e+00
 457 HC8N+       1  1  0  8  1  0  0  0  0  0  0  0  0  0  0.00000000e+00
 458 C10H+       1  1  0 10  0  0  0  0  0  0  0  0  0  0  0.00000000e+00
 459 C10H-      -1  1  0 10  0  0  0  0  0  0  0  0  0  0  0.00000000e+00
 460 C8H3+       1  3  0  8  0  0  0  0  0  0  0  0  0  0  0.00000000e+00
 461 C9H2+       1  2  0  9  0  0  0  0  0  0  0  0  0  0  0.00000000e+00
 462 C3H6OH+     1  7  0  3  0  1  0  0  0  0  0  0  0  0  0.00000000e+00
 463 C4H7+       1  7  0  4  0  0  0  0  0  0  0  0  0  0  0.00000000e+00
 464 H3C6NH+     1  4  0  6  1  0  0  0  0  0  0  0  0  0  0.00000000e+00
 465 C6H5+       1  5  0  6  0  0  0  0  0  0  0  0  0  0  0.00000000e+00
 466 H3C7N+      1  3  0  7  1  0  0  0  0  0  0  0  0  0  0.00000000e+00
 467 C7H4+       1  4  0  7  0  0  0  0  0  0  0  0  0  0  0.00000000e+00
 468 C9HN+       1  1  0  9  1  0  0  0  0  0  0  0  0  0  0.00000000e+00
 469 C11+        1  0  0 11  0  0  0  0  0  0  0  0  0  0  0.00000000e+00
 470 HC9O+       1  1  0  9  0  1  0  0  0  0  0  0  0  0  0.00000000e+00
 471 C10N+       1  0  0 10  1  0  0  0  0  0  0  0  0  0  0.00000000e+00
 472 H2C8N+      1  2  0  8  1  0  0  0  0  0  0  0  0  0  0.00000000e+00
 473 C9H2N+      1  2  0  9  1  0  0  0  0  0  0  0  0  0  0.00000000e+00
 474 C9H3+       1  3  0  9  0  0  0  0  0  0  0  0  0  0  0.00000000e+00
 475 C10H2+      1  2  0 10  0  0  0  0  0  0  0  0  0  0  0.00000000e+00
 476 C7H5+       1  5  0  7  0  0  0  0  0  0  0  0  0  0  0.00000000e+00
 477 C8H4+       1  4  0  8  0  0  0  0  0  0  0  0  0  0  0.00000000e+00
 478 HC10N+      1  1  0 10  1  0  0  0  0  0  0  0  0  0  0.00000000e+00
 479 C6H7+       1  7  0  6  0  0  0  0  0  0  0  0  0  0  0.00000000e+00
 480 C9H4+       1  4  0  9  0  0  0  0  0  0  0  0  0  0  0.00000000e+00
 481 C8H4N+      1  4  0  8  1  0  0  0  0  0  0  0  0  0  0.00000000e+00
 482 C8H5+       1  5  0  8  0  0  0  0  0  0  0  0  0  0  0.00000000e+00
 483 C9H3N+      1  3  0  9  1  0  0  0  0  0  0  0  0  0  0.00000000e+00
 484 C10H3+      1  3  0 10  0  0  0  0  0  0  0  0  0  0  0.00000000e+00
 485 H2C10N+     1  2  0 10  1  0  0  0  0  0  0  0  0  0  0.00000000e+00
 486 C9H5+       1  5  0  9  0  0  0  0  0  0  0  0  0  0  0.00000000e+00
 487 GRAIN0      0  0  0  0  0  0  0  0  0  0  0  0  0  0  1.32150000D-12
 488 GRAIN-     -1  0  0  0  0  0  0  0  0  0  0  0  0  0  0.00000000e+00
 489 XH          0  1  0  0  0  0  0  0  0  0  0  0  0  0  0.00000000e+00