0.11D+08                                              +-  H  He C  O  S  G    
 JSPACE =            1
   1 H           0  1  0  0  0  0  0  0  0  0  0  0  0  0  0.46319888D-04
   2 C           0  0  0  1  0  0  0  0  0  0  0  0  0  0  0.56053180D-09
   3 Fe          0  0  0  0  0  0  0  0  1  0  0  0  0  0  0.40588743D-09
   4 Mg          0  0  0  0  0  0  0  0  0  0  1  0  0  0  0.16760530D-08
   5 S           0  0  0  0  0  0  0  1  0  0  0  0  0  0  0.20791660D-07
   6 Si          0  0  0  0  0  0  1  0  0  0  0  0  0  0  0.13270063D-09
   7 O           0  0  0  0  0  1  0  0  0  0  0  0  0  0  0.26088345D-04
   8 N           0  0  0  0  1  0  0  0  0  0  0  0  0  0  0.10622650D-05
   9 He          0  0  1  0  0  0  0  0  0  0  0  0  0  0  0.90000000D-01
  10 Cl          0  0  0  0  0  0  0  0  0  0  0  1  0  0  0.43544608D-12
  11 Na          0  0  0  0  0  0  0  0  0  1  0  0  0  0  0.43069370D-09
  12 P           0  0  0  0  0  0  0  0  0  0  0  0  1  0  0.16087515D-09
  13 F           0  0  0  0  0  0  0  0  0  0  0  0  0  1  0.48518428D-12
  14 OH          0  1  0  0  0  1  0  0  0  0  0  0  0  0  0.39119271D-07
  15 CO          0  0  0  1  0  1  0  0  0  0  0  0  0  0  0.16971590D-03
  16 CS          0  0  0  1  0  0  0  1  0  0  0  0  0  0  0.39620169D-09
  17 HS          0  1  0  0  0  0  0  1  0  0  0  0  0  0  0.15803427D-11
  18 N2          0  0  0  0  2  0  0  0  0  0  0  0  0  0  0.30377999D-04
  19 NH          0  1  0  0  1  0  0  0  0  0  0  0  0  0  0.31017893D-09
  20 SiH         0  1  0  0  0  0  1  0  0  0  0  0  0  0  0.16084789D-11
  21 SiO         0  0  0  0  0  1  1  0  0  0  0  0  0  0  0.72223519D-08
  22 SO          0  0  0  0  0  1  0  1  0  0  0  0  0  0  0.46587156D-07
  23 CH          0  1  0  1  0  0  0  0  0  0  0  0  0  0  0.66857788D-10
  24 O2          0  0  0  0  0  2  0  0  0  0  0  0  0  0  0.21717541D-04
  25 H2          0  2  0  0  0  0  0  0  0  0  0  0  0  0  0.49997641D+00
  26 C2          0  0  0  2  0  0  0  0  0  0  0  0  0  0  0.12903769D-11
  27 CN          0  0  0  1  1  0  0  0  0  0  0  0  0  0  0.44849150D-10
  28 MgH         0  1  0  0  0  0  0  0  0  0  1  0  0  0  0.42190505D-12
  29 NaH         0  1  0  0  0  0  0  0  0  1  0  0  0  0  0.11755918D-12
  30 NO          0  0  0  0  1  1  0  0  0  0  0  0  0  0  0.15467568D-06
  31 NS          0  0  0  0  1  0  0  1  0  0  0  0  0  0  0.53737351D-13
  32 PH          0  1  0  0  0  0  0  0  0  0  0  0  1  0  0.75483666D-12
  33 PN          0  0  0  0  1  0  0  0  0  0  0  0  1  0  0.29438057D-10
  34 PO          0  0  0  0  0  1  0  0  0  0  0  0  1  0  0.84578559D-11
  35 S2          0  0  0  0  0  0  0  2  0  0  0  0  0  0  0.69562093D-14
  36 SiC         0  0  0  1  0  0  1  0  0  0  0  0  0  0  0.11316873D-12
  37 SiN         0  0  0  0  1  0  1  0  0  0  0  0  0  0  0.44264828D-11
  38 SiS         0  0  0  0  0  0  1  1  0  0  0  0  0  0  0.57749228D-12
  39 CCl         0  0  0  1  0  0  0  0  0  0  0  1  0  0  0.24763852D-13
  40 ClO         0  0  0  0  0  1  0  0  0  0  0  1  0  0  0.00000000D+00
  41 CP          0  0  0  1  0  0  0  0  0  0  0  0  1  0  0.53580364D-14
  42 HCl         0  1  0  0  0  0  0  0  0  0  0  1  0  0  0.99917940D-09
  43 HF          0  1  0  0  0  0  0  0  0  0  0  0  0  1  0.66728341D-08
  44 CCH         0  1  0  2  0  0  0  0  0  0  0  0  0  0  0.20073920D-10
  45 C3          0  0  0  3  0  0  0  0  0  0  0  0  0  0  0.38222527D-09
  46 CH2         0  2  0  1  0  0  0  0  0  0  0  0  0  0  0.26226162D-10
  47 SO2         0  0  0  0  0  2  0  1  0  0  0  0  0  0  0.11641967D-07
  48 H2O         0  2  0  0  0  1  0  0  0  0  0  0  0  0  0.15710153D-06
  49 HCN         0  1  0  1  1  0  0  0  0  0  0  0  0  0  0.10623411D-08
  50 HCSi        0  1  0  1  0  0  1  0  0  0  0  0  0  0  0.40481828D-13
  51 CCN         0  0  0  2  1  0  0  0  0  0  0  0  0  0  0.24880670D-12
  52 CCS         0  0  0  2  0  0  0  1  0  0  0  0  0  0  0.23037704D-12
  53 CCO         0  0  0  2  0  1  0  0  0  0  0  0  0  0  0.46944892D-14
  54 CCP         0  0  0  2  0  0  0  0  0  0  0  0  1  0  0.71413299D-15
  55 CO2         0  0  0  1  0  2  0  0  0  0  0  0  0  0  0.16111606D-06
  56 H2S         0  2  0  0  0  0  0  1  0  0  0  0  0  0  0.17212895D-10
  57 HCO         0  1  0  1  0  1  0  0  0  0  0  0  0  0  0.12027177D-10
  58 HCP         0  1  0  1  0  0  0  0  0  0  0  0  1  0  0.17453404D-12
  59 HCS         0  1  0  1  0  0  0  1  0  0  0  0  0  0  0.16101959D-13
  60 HNC         0  1  0  1  1  0  0  0  0  0  0  0  0  0  0.99595123D-09
  61 HNO         0  1  0  0  1  1  0  0  0  0  0  0  0  0  0.69044901D-09
  62 HNSi        0  1  0  0  1  0  1  0  0  0  0  0  0  0  0.49146432D-09
  63 HPO         0  1  0  0  0  1  0  0  0  0  0  0  1  0  0.11092697D-13
  64 HSS         0  1  0  0  0  0  0  2  0  0  0  0  0  0  0.96971505D-13
  65 N2O         0  0  0  0  2  1  0  0  0  0  0  0  0  0  0.28480708D-09
  66 NaOH        0  1  0  0  0  1  0  0  0  1  0  0  0  0  0.49270780D-13
  67 NH2         0  2  0  0  1  0  0  0  0  0  0  0  0  0  0.39756671D-09
  68 NO2         0  0  0  0  1  2  0  0  0  0  0  0  0  0  0.00000000D+00
  69 O2H         0  1  0  0  0  2  0  0  0  0  0  0  0  0  0.43272048D-11
  70 OCN         0  0  0  1  1  1  0  0  0  0  0  0  0  0  0.80946178D-10
  71 OCS         0  0  0  1  0  1  0  1  0  0  0  0  0  0  0.18151779D-09
  72 PH2         0  2  0  0  0  0  0  0  0  0  0  0  1  0  0.30449285D-14
  73 c-SiC2      0  0  0  2  0  0  1  0  0  0  0  0  0  0  0.25818673D-12
  74 SiH2        0  2  0  0  0  0  1  0  0  0  0  0  0  0  0.18890634D-14
  75 SiNC        0  0  0  1  1  0  1  0  0  0  0  0  0  0  0.12297760D-15
  76 SiO2        0  0  0  0  0  2  1  0  0  0  0  0  0  0  0.34257733D-10
  77 C4          0  0  0  4  0  0  0  0  0  0  0  0  0  0  0.16907879D-12
  78 c-C3H       0  1  0  3  0  0  0  0  0  0  0  0  0  0  0.31161678D-11
  79 l-C3H       0  1  0  3  0  0  0  0  0  0  0  0  0  0  0.26128378D-11
  80 CH3         0  3  0  1  0  0  0  0  0  0  0  0  0  0  0.18172320D-10
  81 C2H2        0  2  0  2  0  0  0  0  0  0  0  0  0  0  0.51852664D-08
  82 NH3         0  3  0  0  1  0  0  0  0  0  0  0  0  0  0.22027291D-07
  83 SiCH2       0  2  0  1  0  0  1  0  0  0  0  0  0  0  0.55151304D-13
  84 C3N         0  0  0  3  1  0  0  0  0  0  0  0  0  0  0.14258251D-12
  85 C3O         0  0  0  3  0  1  0  0  0  0  0  0  0  0  0.10066723D-10
  86 C3P         0  0  0  3  0  0  0  0  0  0  0  0  1  0  0.40652024D-17
  87 C3S         0  0  0  3  0  0  0  1  0  0  0  0  0  0  0.67566158D-12
  88 H2CO        0  2  0  1  0  1  0  0  0  0  0  0  0  0  0.64658143D-09
  89 H2CS        0  2  0  1  0  0  0  1  0  0  0  0  0  0  0.27548501D-10
  90 HOOH        0  2  0  0  0  2  0  0  0  0  0  0  0  0  0.12083178D-11
  91 HSSH        0  2  0  0  0  0  0  2  0  0  0  0  0  0  0.65808225D-13
  92 H2SiO       0  2  0  0  0  1  1  0  0  0  0  0  0  0  0.18821074D-15
  93 HCCP        0  1  0  2  0  0  0  0  0  0  0  0  1  0  0.46111128D-16
  94 HCCSi       0  1  0  2  0  0  1  0  0  0  0  0  0  0  0.81552110D-11
  95 l-SiC3      0  0  0  3  0  0  1  0  0  0  0  0  0  0  0.16186296D-13
  96 SiH3        0  3  0  0  0  0  1  0  0  0  0  0  0  0  0.31590189D-18
  97 H2CN        0  2  0  1  1  0  0  0  0  0  0  0  0  0  0.13498512D-12
  98 C5          0  0  0  5  0  0  0  0  0  0  0  0  0  0  0.12171769D-13
  99 c-C3H2      0  2  0  3  0  0  0  0  0  0  0  0  0  0  0.24615069D-10
 100 l-C3H2      0  2  0  3  0  0  0  0  0  0  0  0  0  0  0.19606932D-10
 101 C4H         0  1  0  4  0  0  0  0  0  0  0  0  0  0  0.24631237D-12
 102 CH4         0  4  0  1  0  0  0  0  0  0  0  0  0  0  0.99618971D-07
 103 HC3N        0  1  0  3  1  0  0  0  0  0  0  0  0  0  0.12818221D-11
 104 H2CCN       0  2  0  2  1  0  0  0  0  0  0  0  0  0  0.38437018D-12
 105 H2CCO       0  2  0  2  0  1  0  0  0  0  0  0  0  0  0.21279598D-09
 106 C2H3        0  3  0  2  0  0  0  0  0  0  0  0  0  0  0.95079007D-12
 107 C4N         0  0  0  4  1  0  0  0  0  0  0  0  0  0  0.10010068D-13
 108 C4P         0  0  0  4  0  0  0  0  0  0  0  0  1  0  0.33722488D-17
 109 C4S         0  0  0  4  0  0  0  1  0  0  0  0  0  0  0.43150031D-14
 110 HCOOH       0  2  0  1  0  2  0  0  0  0  0  0  0  0  0.67736905D-09
 111 CH2PH       0  3  0  1  0  0  0  0  0  0  0  0  1  0  0.22199971D-16
 112 CH2NH       0  3  0  1  1  0  0  0  0  0  0  0  0  0  0.44950433D-10
 113 c-HCCHSi    0  2  0  2  0  0  1  0  0  0  0  0  0  0  0.26719081D-12
 114 SiC3H       0  1  0  3  0  0  1  0  0  0  0  0  0  0  0.23717871D-14
 115 SiC4        0  0  0  4  0  0  1  0  0  0  0  0  0  0  0.57151620D-18
 116 SiCH3       0  3  0  1  0  0  1  0  0  0  0  0  0  0  0.51489590D-14
 117 SiH4        0  4  0  0  0  0  1  0  0  0  0  0  0  0  0.11378456D-15
 118 HCNCC       0  1  0  3  1  0  0  0  0  0  0  0  0  0  0.19384271D-13
 119 HCCNC       0  1  0  3  1  0  0  0  0  0  0  0  0  0  0.15903359D-12
 120 HNCCC       0  1  0  3  1  0  0  0  0  0  0  0  0  0  0.28432801D-13
 121 NH2CN       0  2  0  1  2  0  0  0  0  0  0  0  0  0  0.00000000D+00
 122 C6          0  0  0  6  0  0  0  0  0  0  0  0  0  0  0.10681798D-16
 123 CH3CN       0  3  0  2  1  0  0  0  0  0  0  0  0  0  0.22342261D-11
 124 CH2CCH      0  3  0  3  0  0  0  0  0  0  0  0  0  0  0.32815054D-14
 125 C2H4        0  4  0  2  0  0  0  0  0  0  0  0  0  0  0.81626045D-10
 126 NC4N        0  0  0  4  2  0  0  0  0  0  0  0  0  0  0.19032882D-11
 127 H2CSiCH     0  3  0  2  0  0  1  0  0  0  0  0  0  0  0.30216250D-11
 128 SiC4H       0  1  0  4  0  0  1  0  0  0  0  0  0  0  0.10416770D-11
 129 HC4N        0  1  0  4  1  0  0  0  0  0  0  0  0  0  0.27056644D-14
 130 C4H2        0  2  0  4  0  0  0  0  0  0  0  0  0  0  0.16602022D-10
 131 C5H         0  1  0  5  0  0  0  0  0  0  0  0  0  0  0.45969767D-14
 132 C5N         0  0  0  5  1  0  0  0  0  0  0  0  0  0  0.24667885D-15
 133 CH3OH       0  4  0  1  0  1  0  0  0  0  0  0  0  0  0.87501361D-15
 134 NH2CHO      0  3  0  1  1  1  0  0  0  0  0  0  0  0  0.14723972D-12
 135 C5O         0  0  0  5  0  1  0  0  0  0  0  0  0  0  0.23341586D-13
 136 C7          0  0  0  7  0  0  0  0  0  0  0  0  0  0  0.85729854D-19
 137 HC5N        0  1  0  5  1  0  0  0  0  0  0  0  0  0  0.13982161D-14
 138 SiC2CH3     0  3  0  3  0  0  1  0  0  0  0  0  0  0  0.12790588D-13
 139 CH3CHO      0  4  0  2  0  1  0  0  0  0  0  0  0  0  0.15619804D-12
 140 C2H5        0  5  0  2  0  0  0  0  0  0  0  0  0  0  0.28861929D-16
 141 CH2CHCN     0  3  0  3  1  0  0  0  0  0  0  0  0  0  0.49698722D-14
 142 CH3CCH      0  4  0  3  0  0  0  0  0  0  0  0  0  0  0.31304813D-12
 143 C5H2        0  2  0  5  0  0  0  0  0  0  0  0  0  0  0.33420606D-14
 144 C6H         0  1  0  6  0  0  0  0  0  0  0  0  0  0  0.52083718D-16
 145 CH3NH2      0  5  0  1  1  0  0  0  0  0  0  0  0  0  0.46155306D-10
 146 C4H3        0  3  0  4  0  0  0  0  0  0  0  0  0  0  0.34956837D-16
 147 C6N         0  0  0  6  1  0  0  0  0  0  0  0  0  0  0.33209997D-17
 148 C8          0  0  0  8  0  0  0  0  0  0  0  0  0  0  0.38276400D-19
 149 HC6N        0  1  0  6  1  0  0  0  0  0  0  0  0  0  0.34983276D-17
 150 NC6N        0  0  0  6  2  0  0  0  0  0  0  0  0  0  0.47341099D-13
 151 SiC6H       0  1  0  6  0  0  1  0  0  0  0  0  0  0  0.28673988D-14
 152 CH2CHC2H    0  4  0  4  0  0  0  0  0  0  0  0  0  0  0.36769116D-14
 153 C6H2        0  2  0  6  0  0  0  0  0  0  0  0  0  0  0.19759742D-15
 154 C7H         0  1  0  7  0  0  0  0  0  0  0  0  0  0  0.90317565D-18
 155 C7N         0  0  0  7  1  0  0  0  0  0  0  0  0  0  0.29291420D-18
 156 CH3C3N      0  3  0  4  1  0  0  0  0  0  0  0  0  0  0.81324945D-15
 157 HCOOCH3     0  4  0  2  0  2  0  0  0  0  0  0  0  0  0.14706603D-17
 158 C2H6        0  6  0  2  0  0  0  0  0  0  0  0  0  0  0.00000000D+00
 159 C7O         0  0  0  7  0  1  0  0  0  0  0  0  0  0  0.45877356D-17
 160 C9          0  0  0  9  0  0  0  0  0  0  0  0  0  0  0.26516301D-21
 161 HC7N        0  1  0  7  1  0  0  0  0  0  0  0  0  0  0.84847618D-18
 162 SiC3H5      0  5  0  3  0  0  1  0  0  0  0  0  0  0  0.00000000D+00
 163 CH3CH2OH    0  6  0  2  0  1  0  0  0  0  0  0  0  0  0.10982300D-12
 164 C7H2        0  2  0  7  0  0  0  0  0  0  0  0  0  0  0.55062009D-17
 165 C8H         0  1  0  8  0  0  0  0  0  0  0  0  0  0  0.21052407D-18
 166 CH3C4H      0  4  0  5  0  0  0  0  0  0  0  0  0  0  0.16753092D-13
 167 CH3OCH3     0  6  0  2  0  1  0  0  0  0  0  0  0  0  0.25482803D-20
 168 CH3CHCH2    0  6  0  3  0  0  0  0  0  0  0  0  0  0  0.00000000D+00
 169 C8N         0  0  0  8  1  0  0  0  0  0  0  0  0  0  0.93707705D-20
 170 C10         0  0  0 10  0  0  0  0  0  0  0  0  0  0  0.52901015D-23
 171 CH3COCH3    0  6  0  3  0  1  0  0  0  0  0  0  0  0  0.40736062D-17
 172 C8H2        0  2  0  8  0  0  0  0  0  0  0  0  0  0  0.27215352D-18
 173 C9H         0  1  0  9  0  0  0  0  0  0  0  0  0  0  0.59480785D-21
 174 C9N         0  0  0  9  1  0  0  0  0  0  0  0  0  0  0.29237875D-21
 175 CH3C5N      0  3  0  6  1  0  0  0  0  0  0  0  0  0  0.41172674D-18
 176 HC8N        0  1  0  8  1  0  0  0  0  0  0  0  0  0  0.21899110D-20
 177 NC8N        0  0  0  8  2  0  0  0  0  0  0  0  0  0  0.71760101D-14
 178 SiC8H       0  1  0  8  0  0  1  0  0  0  0  0  0  0  0.58324524D-15
 179 CH2CHCHCH2  0  6  0  4  0  0  0  0  0  0  0  0  0  0  0.00000000D+00
 180 C9O         0  0  0  9  0  1  0  0  0  0  0  0  0  0  0.30412851D-20
 181 HC9N        0  1  0  9  1  0  0  0  0  0  0  0  0  0  0.79927501D-21
 182 C10H        0  1  0 10  0  0  0  0  0  0  0  0  0  0  0.74943328D-23
 183 C9H2        0  2  0  9  0  0  0  0  0  0  0  0  0  0  0.21819382D-20
 184 CH3C6H      0  4  0  7  0  0  0  0  0  0  0  0  0  0  0.28268318D-16
 185 C11         0  0  0 11  0  0  0  0  0  0  0  0  0  0  0.17536166D-25
 186 C10N        0  0  0 10  1  0  0  0  0  0  0  0  0  0  0.36168862D-24
 187 CH3C7N      0  3  0  8  1  0  0  0  0  0  0  0  0  0  0.24244461D-21
 188 C10H2       0  2  0 10  0  0  0  0  0  0  0  0  0  0  0.18010505D-20
 189 C6H6        0  6  0  6  0  0  0  0  0  0  0  0  0  0  0.24998852D-14
 190 Si+         1  0  0  0  0  0  1  0  0  0  0  0  0  0  0.59295965D-10
 191 C+          1  0  0  1  0  0  0  0  0  0  0  0  0  0  0.10695205D-08
 192 C-         -1  0  0  1  0  0  0  0  0  0  0  0  0  0  0.27536821D-18
 193 H-         -1  1  0  0  0  0  0  0  0  0  0  0  0  0  0.67051677D-12
 194 O-         -1  0  0  0  0  1  0  0  0  0  0  0  0  0  0.19782015D-17
 195 S-         -1  0  0  0  0  0  0  1  0  0  0  0  0  0  0.25631370D-16
 196 He+         1  0  1  0  0  0  0  0  0  0  0  0  0  0  0.64011647D-10
 197 H+          1  1  0  0  0  0  0  0  0  0  0  0  0  0  0.19227667D-09
 198 Fe+         1  0  0  0  0  0  0  0  1  0  0  0  0  0  0.25941126D-08
 199 Mg+         1  0  0  0  0  0  0  0  0  0  1  0  0  0  0.53235251D-08
 200 N+          1  0  0  0  1  0  0  0  0  0  0  0  0  0  0.38426423D-12
 201 Na+         1  0  0  0  0  0  0  0  0  1  0  0  0  0  0.15691284D-08
 202 O+          1  0  0  0  0  1  0  0  0  0  0  0  0  0  0.15061935D-13
 203 S+          1  0  0  0  0  0  0  1  0  0  0  0  0  0  0.18518538D-09
 204 Cl+         1  0  0  0  0  0  0  0  0  0  0  1  0  0  0.16415673D-17
 205 F+          1  0  0  0  0  0  0  0  0  0  0  0  0  1  0.17887101D-16
 206 P+          1  0  0  0  0  0  0  0  0  0  0  0  1  0  0.32649380D-13
 207 e-         -1  0  0  0  0  0  0  0  0  0  0  0  0  0  0.18457651D-07
 208 CH+         1  1  0  1  0  0  0  0  0  0  0  0  0  0  0.11852096D-16
 209 H2+         1  2  0  0  0  0  0  0  0  0  0  0  0  0  0.28794031D-12
 210 OH+         1  1  0  0  0  1  0  0  0  0  0  0  0  0  0.52352577D-13
 211 SiH+        1  1  0  0  0  0  1  0  0  0  0  0  0  0  0.11826077D-12
 212 C2+         1  0  0  2  0  0  0  0  0  0  0  0  0  0  0.18222189D-17
 213 CN-        -1  0  0  1  1  0  0  0  0  0  0  0  0  0  0.87408455D-16
 214 OH-        -1  1  0  0  0  1  0  0  0  0  0  0  0  0  0.75016483D-14
 215 CF+         1  0  0  1  0  0  0  0  0  0  0  0  0  1  0.50950663D-11
 216 HS+         1  1  0  0  0  0  0  1  0  0  0  0  0  0  0.15347446D-11
 217 SO+         1  0  0  0  0  1  0  1  0  0  0  0  0  0  0.39102169D-10
 218 CCl+        1  0  0  1  0  0  0  0  0  0  0  1  0  0  0.29506391D-12
 219 ClO+        1  0  0  0  0  1  0  0  0  0  0  1  0  0  0.00000000D+00
 220 CN+         1  0  0  1  1  0  0  0  0  0  0  0  0  0  0.81171608D-17
 221 CO+         1  0  0  1  0  1  0  0  0  0  0  0  0  0  0.12372314D-13
 222 CP+         1  0  0  1  0  0  0  0  0  0  0  0  1  0  0.14215906D-21
 223 CS+         1  0  0  1  0  0  0  1  0  0  0  0  0  0  0.59882530D-15
 224 HCl+        1  1  0  0  0  0  0  0  0  0  0  1  0  0  0.85332752D-17
 225 HF+         1  1  0  0  0  0  0  0  0  0  0  0  0  1  0.13758896D-16
 226 HeH+        1  1  1  0  0  0  0  0  0  0  0  0  0  0  0.54571786D-20
 227 N2+         1  0  0  0  2  0  0  0  0  0  0  0  0  0  0.91511383D-15
 228 NH+         1  1  0  0  1  0  0  0  0  0  0  0  0  0  0.26745536D-14
 229 NO+         1  0  0  0  1  1  0  0  0  0  0  0  0  0  0.29205549D-11
 230 NS+         1  0  0  0  1  0  0  1  0  0  0  0  0  0  0.11069140D-12
 231 O2+         1  0  0  0  0  2  0  0  0  0  0  0  0  0  0.17808680D-09
 232 PH+         1  1  0  0  0  0  0  0  0  0  0  0  1  0  0.17624564D-13
 233 PN+         1  0  0  0  1  0  0  0  0  0  0  0  1  0  0.19247103D-13
 234 PO+         1  0  0  0  0  1  0  0  0  0  0  0  1  0  0.70440306D-13
 235 S2+         1  0  0  0  0  0  0  2  0  0  0  0  0  0  0.74954441D-14
 236 SiC+        1  0  0  1  0  0  1  0  0  0  0  0  0  0  0.12454078D-18
 237 SiN+        1  0  0  0  1  0  1  0  0  0  0  0  0  0  0.25493002D-13
 238 SiO+        1  0  0  0  0  1  1  0  0  0  0  0  0  0  0.75623254D-15
 239 SiS+        1  0  0  0  0  0  1  1  0  0  0  0  0  0  0.71098882D-19
 240 SiF+        1  0  0  0  0  0  1  0  0  0  0  0  0  1  0.22628199D-12
 241 CH2+        1  2  0  1  0  0  0  0  0  0  0  0  0  0  0.16330382D-14
 242 C2N+        1  0  0  2  1  0  0  0  0  0  0  0  0  0  0.77578716D-20
 243 CNC+        1  0  0  2  1  0  0  0  0  0  0  0  0  0  0.89067746D-12
 244 HSiO+       1  1  0  0  0  1  1  0  0  0  0  0  0  0  0.38811877D-10
 245 N2H+        1  1  0  0  2  0  0  0  0  0  0  0  0  0  0.10515290D-09
 246 C2H+        1  1  0  2  0  0  0  0  0  0  0  0  0  0  0.63237332D-17
 247 H3+         1  3  0  0  0  0  0  0  0  0  0  0  0  0  0.53437484D-09
 248 C3-        -1  0  0  3  0  0  0  0  0  0  0  0  0  0  0.17630778D-15
 249 HCO+        1  1  0  1  0  1  0  0  0  0  0  0  0  0  0.49048249D-08
 250 HSO+        1  1  0  0  0  1  0  1  0  0  0  0  0  0  0.12194629D-09
 251 H2S+        1  2  0  0  0  0  0  1  0  0  0  0  0  0  0.49802691D-13
 252 HCS+        1  1  0  1  0  0  0  1  0  0  0  0  0  0  0.12091683D-11
 253 HPO+        1  1  0  0  0  1  0  0  0  0  0  0  1  0  0.25971072D-13
 254 C2O+        1  0  0  2  0  1  0  0  0  0  0  0  0  0  0.55296657D-17
 255 C2S+        1  0  0  2  0  0  0  1  0  0  0  0  0  0  0.86370426D-15
 256 C3+         1  0  0  3  0  0  0  0  0  0  0  0  0  0  0.46218460D-17
 257 CCP+        1  0  0  2  0  0  0  0  0  0  0  0  1  0  0.12915701D-16
 258 CHSi+       1  1  0  1  0  0  1  0  0  0  0  0  0  0  0.14663893D-18
 259 CO2+        1  0  0  1  0  2  0  0  0  0  0  0  0  0  0.40187014D-17
 260 H2Cl+       1  2  0  0  0  0  0  0  0  0  0  1  0  0  0.63110007D-13
 261 H2F+        1  2  0  0  0  0  0  0  0  0  0  0  0  1  0.13592669D-11
 262 H2O+        1  2  0  0  0  1  0  0  0  0  0  0  0  0  0.15854871D-12
 263 HCN+        1  1  0  1  1  0  0  0  0  0  0  0  0  0  0.22235992D-16
 264 HCP+        1  1  0  1  0  0  0  0  0  0  0  0  1  0  0.21363045D-20
 265 HNC+        1  1  0  1  1  0  0  0  0  0  0  0  0  0  0.12572328D-15
 266 HNO+        1  1  0  0  1  1  0  0  0  0  0  0  0  0  0.11799907D-11
 267 HNS+        1  1  0  0  1  0  0  1  0  0  0  0  0  0  0.11693624D-15
 268 HNSi+       1  1  0  0  1  0  1  0  0  0  0  0  0  0  0.10330459D-17
 269 HOC+        1  1  0  1  0  1  0  0  0  0  0  0  0  0  0.36403776D-11
 270 HPN+        1  1  0  0  1  0  0  0  0  0  0  0  1  0  0.11079359D-12
 271 HSiS+       1  1  0  0  0  0  1  1  0  0  0  0  0  0  0.30861950D-14
 272 NaH2+       1  2  0  0  0  0  0  0  0  1  0  0  0  0  0.10077176D-13
 273 NCO+        1  0  0  1  1  1  0  0  0  0  0  0  0  0  0.53219074D-14
 274 NH2+        1  2  0  0  1  0  0  0  0  0  0  0  0  0  0.23015879D-13
 275 NO2+        1  0  0  0  1  2  0  0  0  0  0  0  0  0  0.42061601D-17
 276 HO2+        1  1  0  0  0  2  0  0  0  0  0  0  0  0  0.46423135D-13
 277 OCS+        1  0  0  1  0  1  0  1  0  0  0  0  0  0  0.31812741D-12
 278 PH2+        1  2  0  0  0  0  0  0  0  0  0  0  1  0  0.78844554D-15
 279 HS2+        1  1  0  0  0  0  0  2  0  0  0  0  0  0  0.28503591D-16
 280 SiC2+       1  0  0  2  0  0  1  0  0  0  0  0  0  0  0.39184269D-19
 281 SiH2+       1  2  0  0  0  0  1  0  0  0  0  0  0  0  0.23516297D-12
 282 SiNC+       1  0  0  1  1  0  1  0  0  0  0  0  0  0  0.11380510D-12
 283 SO2+        1  0  0  0  0  2  0  1  0  0  0  0  0  0  0.13078998D-14
 284 HCNH+       1  2  0  1  1  0  0  0  0  0  0  0  0  0  0.11375966D-10
 285 HC2N+       1  1  0  2  1  0  0  0  0  0  0  0  0  0  0.31450935D-18
 286 C3H+        1  1  0  3  0  0  0  0  0  0  0  0  0  0  0.29771060D-15
 287 C4+         1  0  0  4  0  0  0  0  0  0  0  0  0  0  0.11499093D-16
 288 H2CO+       1  2  0  1  0  1  0  0  0  0  0  0  0  0  0.13290851D-12
 289 CH3+        1  3  0  1  0  0  0  0  0  0  0  0  0  0  0.86464063D-11
 290 C3N-       -1  0  0  3  1  0  0  0  0  0  0  0  0  0  0.99728474D-15
 291 C4-        -1  0  0  4  0  0  0  0  0  0  0  0  0  0  0.44047327D-14
 292 H3O+        1  3  0  0  0  1  0  0  0  0  0  0  0  0  0.13946249D-08
 293 H2NO+       1  2  0  0  1  1  0  0  0  0  0  0  0  0  0.14091404D-11
 294 H3S+        1  3  0  0  0  0  0  1  0  0  0  0  0  0  0.36899659D-13
 295 HC2S+       1  1  0  2  0  0  0  1  0  0  0  0  0  0  0.33176719D-13
 296 HOCS+       1  1  0  1  0  1  0  1  0  0  0  0  0  0  0.22429760D-12
 297 PCH2+       1  2  0  1  0  0  0  0  0  0  0  0  1  0  0.32576222D-15
 298 H2S2+       1  2  0  0  0  0  0  2  0  0  0  0  0  0  0.20694764D-15
 299 C2H2+       1  2  0  2  0  0  0  0  0  0  0  0  0  0  0.25177066D-13
 300 C2HO+       1  1  0  2  0  1  0  0  0  0  0  0  0  0  0.13604433D-14
 301 C2N2+       1  0  0  2  2  0  0  0  0  0  0  0  0  0  0.30375321D-21
 302 C3N+        1  0  0  3  1  0  0  0  0  0  0  0  0  0  0.29416568D-20
 303 C3O+        1  0  0  3  0  1  0  0  0  0  0  0  0  0  0.57547405D-14
 304 C3S+        1  0  0  3  0  0  0  1  0  0  0  0  0  0  0.12811666D-14
 305 CH2Si+      1  2  0  1  0  0  1  0  0  0  0  0  0  0  0.14489441D-14
 306 H2CCl+      1  2  0  1  0  0  0  0  0  0  0  1  0  0  0.22122040D-14
 307 H2CS+       1  2  0  1  0  0  0  1  0  0  0  0  0  0  0.34544527D-14
 308 H2NC+       1  2  0  1  1  0  0  0  0  0  0  0  0  0  0.29233204D-13
 309 H2PO+       1  2  0  0  0  1  0  0  0  0  0  0  1  0  0.39571753D-15
 310 H2SiO+      1  2  0  0  0  1  1  0  0  0  0  0  0  0  0.12219656D-15
 311 HOCO+       1  1  0  1  0  2  0  0  0  0  0  0  0  0  0.31454912D-11
 312 HNCO+       1  1  0  1  1  1  0  0  0  0  0  0  0  0  0.11759165D-18
 313 HSiO2+      1  1  0  0  0  2  1  0  0  0  0  0  0  0  0.17059903D-13
 314 HSO2+       1  1  0  0  0  2  0  1  0  0  0  0  0  0  0.33997068D-11
 315 NaH2O+      1  2  0  0  0  1  0  0  0  1  0  0  0  0  0.10467204D-14
 316 NH3+        1  3  0  0  1  0  0  0  0  0  0  0  0  0  0.35378963D-11
 317 PC2H+       1  1  0  2  0  0  0  0  0  0  0  0  1  0  0.94811329D-17
 318 PH3+        1  3  0  0  0  0  0  0  0  0  0  0  1  0  0.76501659D-15
 319 PNH2+       1  2  0  0  1  0  0  0  0  0  0  0  1  0  0.16726487D-15
 320 SiC2H+      1  1  0  2  0  0  1  0  0  0  0  0  0  0  0.55203071D-14
 321 l-SiC3+     1  0  0  3  0  0  1  0  0  0  0  0  0  0  0.13423596D-14
 322 SiH3+       1  3  0  0  0  0  1  0  0  0  0  0  0  0  0.68316260D-15
 323 SiNCH+      1  1  0  1  1  0  1  0  0  0  0  0  0  0  0.32054052D-17
 324 HSiNH+      1  2  0  0  1  0  1  0  0  0  0  0  0  0  0.74623750D-12
 325 HN2O+       1  1  0  0  2  1  0  0  0  0  0  0  0  0  0.33381564D-14
 326 C2H3+       1  3  0  2  0  0  0  0  0  0  0  0  0  0  0.98088763D-12
 327 c-C3H2+     1  2  0  3  0  0  0  0  0  0  0  0  0  0  0.28831437D-13
 328 l-C3H2+     1  2  0  3  0  0  0  0  0  0  0  0  0  0  0.26193545D-13
 329 C4H+        1  1  0  4  0  0  0  0  0  0  0  0  0  0  0.16792266D-16
 330 C5+         1  0  0  5  0  0  0  0  0  0  0  0  0  0  0.12096274D-18
 331 HC3O+       1  1  0  3  0  1  0  0  0  0  0  0  0  0  0.25595047D-13
 332 C4H-       -1  1  0  4  0  0  0  0  0  0  0  0  0  0  0.44703415D-14
 333 C5-        -1  0  0  5  0  0  0  0  0  0  0  0  0  0  0.74391923D-15
 334 NH4+        1  4  0  0  1  0  0  0  0  0  0  0  0  0  0.22629770D-10
 335 H3CS+       1  3  0  1  0  0  0  1  0  0  0  0  0  0  0.72004320D-13
 336 H2COH+      1  3  0  1  0  1  0  0  0  0  0  0  0  0  0.11759067D-11
 337 H3S2+       1  3  0  0  0  0  0  2  0  0  0  0  0  0  0.24049918D-15
 338 HC3S+       1  1  0  3  0  0  0  1  0  0  0  0  0  0  0.90736044D-14
 339 PC3H+       1  1  0  3  0  0  0  0  0  0  0  0  1  0  0.32365786D-18
 340 PCH3+       1  3  0  1  0  0  0  0  0  0  0  0  1  0  0.33044092D-16
 341 PNH3+       1  3  0  0  1  0  0  0  0  0  0  0  1  0  0.44232168D-16
 342 SiC2H2+     1  2  0  2  0  0  1  0  0  0  0  0  0  0  0.12109148D-13
 343 SiC3H+      1  1  0  3  0  0  1  0  0  0  0  0  0  0  0.13445268D-14
 344 SiC4+       1  0  0  4  0  0  1  0  0  0  0  0  0  0  0.30938142D-17
 345 SiCH3+      1  3  0  1  0  0  1  0  0  0  0  0  0  0  0.24661142D-16
 346 SiH4+       1  4  0  0  0  0  1  0  0  0  0  0  0  0  0.66688708D-25
 347 CH2CN+      1  2  0  2  1  0  0  0  0  0  0  0  0  0  0.17458101D-13
 348 H2CCO+      1  2  0  2  0  1  0  0  0  0  0  0  0  0  0.10366704D-12
 349 HC3N+       1  1  0  3  1  0  0  0  0  0  0  0  0  0  0.15198058D-16
 350 C4N+        1  0  0  4  1  0  0  0  0  0  0  0  0  0  0.42363161D-19
 351 C4P+        1  0  0  4  0  0  0  0  0  0  0  0  1  0  0.22716961D-21
 352 C4S+        1  0  0  4  0  0  0  1  0  0  0  0  0  0  0.12982499D-16
 353 HCOOH+      1  2  0  1  0  2  0  0  0  0  0  0  0  0  0.82677980D-13
 354 CH4+        1  4  0  1  0  0  0  0  0  0  0  0  0  0  0.16342164D-14
 355 H3SiO+      1  3  0  0  0  1  1  0  0  0  0  0  0  0  0.24369071D-17
 356 PC2H2+      1  2  0  2  0  0  0  0  0  0  0  0  1  0  0.47929718D-17
 357 C6+         1  0  0  6  0  0  0  0  0  0  0  0  0  0  0.70402699D-20
 358 HC4N+       1  1  0  4  1  0  0  0  0  0  0  0  0  0  0.13441723D-21
 359 C5H-       -1  1  0  5  0  0  0  0  0  0  0  0  0  0  0.33020961D-15
 360 C6-        -1  0  0  6  0  0  0  0  0  0  0  0  0  0  0.37374984D-17
 361 CH3CO+      1  3  0  2  0  1  0  0  0  0  0  0  0  0  0.89438564D-12
 362 C2H4+       1  4  0  2  0  0  0  0  0  0  0  0  0  0  0.36093460D-12
 363 HC3NH+      1  2  0  3  1  0  0  0  0  0  0  0  0  0  0.91523213D-14
 364 HC4S+       1  1  0  4  0  0  0  1  0  0  0  0  0  0  0.10197015D-15
 365 CH5+        1  5  0  1  0  0  0  0  0  0  0  0  0  0  0.24637978D-11
 366 C4H2+       1  2  0  4  0  0  0  0  0  0  0  0  0  0  0.28835997D-13
 367 C5H+        1  1  0  5  0  0  0  0  0  0  0  0  0  0  0.60933948D-15
 368 CH3CN+      1  3  0  2  1  0  0  0  0  0  0  0  0  0  0.62318270D-15
 369 c-C3H3+     1  3  0  3  0  0  0  0  0  0  0  0  0  0  0.15060380D-12
 370 l-C3H3+     1  3  0  3  0  0  0  0  0  0  0  0  0  0  0.14749291D-12
 371 C5N+        1  0  0  5  1  0  0  0  0  0  0  0  0  0  0.17260941D-21
 372 CH3O2+      1  3  0  1  0  2  0  0  0  0  0  0  0  0  0.25885501D-11
 373 CH2NH2+     1  4  0  1  1  0  0  0  0  0  0  0  0  0  0.88917767D-13
 374 CH3OH+      1  4  0  1  0  1  0  0  0  0  0  0  0  0  0.15488928D-18
 375 H2C3O+      1  2  0  3  0  1  0  0  0  0  0  0  0  0  0.49916138D-16
 376 HC2NCH+     1  2  0  3  1  0  0  0  0  0  0  0  0  0  0.98729864D-15
 377 HC4O+       1  1  0  4  0  1  0  0  0  0  0  0  0  0  0.23265573D-14
 378 NH2CNH+     1  3  0  1  2  0  0  0  0  0  0  0  0  0  0.00000000D+00
 379 PC2H3+      1  3  0  2  0  0  0  0  0  0  0  0  1  0  0.12007627D-18
 380 PC4H+       1  1  0  4  0  0  0  0  0  0  0  0  1  0  0.12862741D-18
 381 PCH4+       1  4  0  1  0  0  0  0  0  0  0  0  1  0  0.16675169D-17
 382 SiC2H3+     1  3  0  2  0  0  1  0  0  0  0  0  0  0  0.16306699D-14
 383 SiC3H2+     1  2  0  3  0  0  1  0  0  0  0  0  0  0  0.48838412D-17
 384 SiC4H+      1  1  0  4  0  0  1  0  0  0  0  0  0  0  0.49518050D-19
 385 SiCH4+      1  4  0  1  0  0  1  0  0  0  0  0  0  0  0.22664687D-16
 386 SiH5+       1  5  0  0  0  0  1  0  0  0  0  0  0  0  0.81382491D-19
 387 C7+         1  0  0  7  0  0  0  0  0  0  0  0  0  0  0.47158603D-22
 388 H2C4N+      1  2  0  4  1  0  0  0  0  0  0  0  0  0  0.20026998D-21
 389 C6H-       -1  1  0  6  0  0  0  0  0  0  0  0  0  0  0.69086802D-17
 390 C7-        -1  0  0  7  0  0  0  0  0  0  0  0  0  0  0.81735372D-19
 391 C4H3+       1  3  0  4  0  0  0  0  0  0  0  0  0  0  0.75272008D-14
 392 C5H2+       1  2  0  5  0  0  0  0  0  0  0  0  0  0  0.55635051D-17
 393 CH3CNH+     1  4  0  2  1  0  0  0  0  0  0  0  0  0  0.37312197D-13
 394 C2H4O+      1  4  0  2  0  1  0  0  0  0  0  0  0  0  0.17034245D-15
 395 C2H5+       1  5  0  2  0  0  0  0  0  0  0  0  0  0  0.19307282D-13
 396 C3H3N+      1  3  0  3  1  0  0  0  0  0  0  0  0  0  0.94252512D-17
 397 C3H4+       1  4  0  3  0  0  0  0  0  0  0  0  0  0  0.48726554D-17
 398 HC5N+       1  1  0  5  1  0  0  0  0  0  0  0  0  0  0.83481898D-19
 399 C6H+        1  1  0  6  0  0  0  0  0  0  0  0  0  0  0.29173737D-18
 400 CH3NH2+     1  5  0  1  1  0  0  0  0  0  0  0  0  0  0.15124133D-13
 401 CH3OH2+     1  5  0  1  0  1  0  0  0  0  0  0  0  0  0.18908804D-16
 402 H3C3O+      1  3  0  3  0  1  0  0  0  0  0  0  0  0  0.31102403D-13
 403 NH2CH2O+    1  4  0  1  1  1  0  0  0  0  0  0  0  0  0.31479549D-15
 404 PC2H4+      1  4  0  2  0  0  0  0  0  0  0  0  1  0  0.24223823D-20
 405 PC4H2+      1  2  0  4  0  0  0  0  0  0  0  0  1  0  0.15308133D-20
 406 HC5O+       1  1  0  5  0  1  0  0  0  0  0  0  0  0  0.61354413D-16
 407 C6N+        1  0  0  6  1  0  0  0  0  0  0  0  0  0  0.50516184D-22
 408 H2C5N+      1  2  0  5  1  0  0  0  0  0  0  0  0  0  0.16318270D-17
 409 C8+         1  0  0  8  0  0  0  0  0  0  0  0  0  0  0.47836038D-22
 410 C7H-       -1  1  0  7  0  0  0  0  0  0  0  0  0  0  0.40256474D-18
 411 C8-        -1  0  0  8  0  0  0  0  0  0  0  0  0  0  0.11758301D-19
 412 C5H3+       1  3  0  5  0  0  0  0  0  0  0  0  0  0  0.19639617D-16
 413 C3H5+       1  5  0  3  0  0  0  0  0  0  0  0  0  0  0.96445214D-15
 414 C6H2+       1  2  0  6  0  0  0  0  0  0  0  0  0  0  0.21962720D-17
 415 C7H+        1  1  0  7  0  0  0  0  0  0  0  0  0  0  0.45870479D-19
 416 CH3CHOH+    1  5  0  2  0  1  0  0  0  0  0  0  0  0  0.78307559D-15
 417 C2H6+       1  6  0  2  0  0  0  0  0  0  0  0  0  0  0.28134981D-19
 418 C3H3NH+     1  4  0  3  1  0  0  0  0  0  0  0  0  0  0.51419890D-17
 419 C4H4+       1  4  0  4  0  0  0  0  0  0  0  0  0  0  0.17889672D-17
 420 C7N+        1  0  0  7  1  0  0  0  0  0  0  0  0  0  0.12993867D-25
 421 CH3NH3+     1  6  0  1  1  0  0  0  0  0  0  0  0  0  0.18930232D-12
 422 COOCH4+     1  4  0  2  0  2  0  0  0  0  0  0  0  0  0.96876433D-21
 423 H3C4N+      1  3  0  4  1  0  0  0  0  0  0  0  0  0  0.20025828D-21
 424 HC6N+       1  1  0  6  1  0  0  0  0  0  0  0  0  0  0.69452160D-25
 425 C9+         1  0  0  9  0  0  0  0  0  0  0  0  0  0  0.82529490D-24
 426 C8H-       -1  1  0  8  0  0  0  0  0  0  0  0  0  0  0.22023837D-19
 427 C9-        -1  0  0  9  0  0  0  0  0  0  0  0  0  0  0.24069140D-21
 428 C4H5+       1  5  0  4  0  0  0  0  0  0  0  0  0  0  0.12148508D-16
 429 C6H3+       1  3  0  6  0  0  0  0  0  0  0  0  0  0  0.88907967D-18
 430 C7H2+       1  2  0  7  0  0  0  0  0  0  0  0  0  0  0.23056742D-19
 431 C2H5OH+     1  6  0  2  0  1  0  0  0  0  0  0  0  0  0.17137140D-16
 432 H3C4NH+     1  4  0  4  1  0  0  0  0  0  0  0  0  0  0.31268920D-17
 433 C5H3N+      1  3  0  5  1  0  0  0  0  0  0  0  0  0  0.45546309D-19
 434 C5H4+       1  4  0  5  0  0  0  0  0  0  0  0  0  0  0.68558348D-17
 435 HC7N+       1  1  0  7  1  0  0  0  0  0  0  0  0  0  0.41794865D-22
 436 C8H+        1  1  0  8  0  0  0  0  0  0  0  0  0  0  0.33433890D-24
 437 CH3OCH3+    1  6  0  2  0  1  0  0  0  0  0  0  0  0  0.53610453D-24
 438 H5C2O2+     1  5  0  2  0  2  0  0  0  0  0  0  0  0  0.86847833D-20
 439 HC7O+       1  1  0  7  0  1  0  0  0  0  0  0  0  0  0.12059077D-19
 440 C8N+        1  0  0  8  1  0  0  0  0  0  0  0  0  0  0.34133393D-25
 441 H2C6N+      1  2  0  6  1  0  0  0  0  0  0  0  0  0  0.17704010D-20
 442 C2H7+       1  7  0  2  0  0  0  0  0  0  0  0  0  0  0.00000000D+00
 443 C10+        1  0  0 10  0  0  0  0  0  0  0  0  0  0  0.41385028D-26
 444 CH3OCH4+    1  7  0  2  0  1  0  0  0  0  0  0  0  0  0.75093135D-23
 445 C9H-       -1  1  0  9  0  0  0  0  0  0  0  0  0  0  0.20734271D-21
 446 C10-       -1  0  0 10  0  0  0  0  0  0  0  0  0  0  0.15898832D-23
 447 C7H2N+      1  2  0  7  1  0  0  0  0  0  0  0  0  0  0.10364699D-19
 448 C7H3+       1  3  0  7  0  0  0  0  0  0  0  0  0  0  0.20460341D-18
 449 C5H5+       1  5  0  5  0  0  0  0  0  0  0  0  0  0  0.33583013D-16
 450 C8H2+       1  2  0  8  0  0  0  0  0  0  0  0  0  0  0.65642861D-20
 451 C9H+        1  1  0  9  0  0  0  0  0  0  0  0  0  0  0.16472832D-21
 452 C2H5OH2+    1  7  0  2  0  1  0  0  0  0  0  0  0  0  0.64559417D-15
 453 C2H6CO+     1  6  0  3  0  1  0  0  0  0  0  0  0  0  0.42484528D-20
 454 C5H4N+      1  4  0  5  1  0  0  0  0  0  0  0  0  0  0.17862595D-17
 455 C6H4+       1  4  0  6  0  0  0  0  0  0  0  0  0  0  0.16351258D-17
 456 C9N+        1  0  0  9  1  0  0  0  0  0  0  0  0  0  0.46663083D-28
 457 HC8N+       1  1  0  8  1  0  0  0  0  0  0  0  0  0  0.33182659D-27
 458 C10H+       1  1  0 10  0  0  0  0  0  0  0  0  0  0  0.55655131D-24
 459 C10H-      -1  1  0 10  0  0  0  0  0  0  0  0  0  0  0.42853818D-24
 460 C8H3+       1  3  0  8  0  0  0  0  0  0  0  0  0  0  0.25285036D-21
 461 C9H2+       1  2  0  9  0  0  0  0  0  0  0  0  0  0  0.29686402D-22
 462 C3H6OH+     1  7  0  3  0  1  0  0  0  0  0  0  0  0  0.38051110D-19
 463 C4H7+       1  7  0  4  0  0  0  0  0  0  0  0  0  0  0.72583733D-19
 464 H3C6NH+     1  4  0  6  1  0  0  0  0  0  0  0  0  0  0.16954828D-20
 465 C6H5+       1  5  0  6  0  0  0  0  0  0  0  0  0  0  0.13912254D-20
 466 H3C7N+      1  3  0  7  1  0  0  0  0  0  0  0  0  0  0.31249943D-20
 467 C7H4+       1  4  0  7  0  0  0  0  0  0  0  0  0  0  0.43732339D-19
 468 C9HN+       1  1  0  9  1  0  0  0  0  0  0  0  0  0  0.53541030D-25
 469 C11+        1  0  0 11  0  0  0  0  0  0  0  0  0  0  0.48548913D-25
 470 HC9O+       1  1  0  9  0  1  0  0  0  0  0  0  0  0  0.79942283D-23
 471 C10N+       1  0  0 10  1  0  0  0  0  0  0  0  0  0  0.32119666D-28
 472 H2C8N+      1  2  0  8  1  0  0  0  0  0  0  0  0  0  0.84587444D-23
 473 C9H2N+      1  2  0  9  1  0  0  0  0  0  0  0  0  0  0.29093874D-23
 474 C9H3+       1  3  0  9  0  0  0  0  0  0  0  0  0  0  0.31115283D-22
 475 C10H2+      1  2  0 10  0  0  0  0  0  0  0  0  0  0  0.13086134D-25
 476 C7H5+       1  5  0  7  0  0  0  0  0  0  0  0  0  0  0.50101759D-19
 477 C8H4+       1  4  0  8  0  0  0  0  0  0  0  0  0  0  0.89145381D-21
 478 HC10N+      1  1  0 10  1  0  0  0  0  0  0  0  0  0  0.12807687D-31
 479 C6H7+       1  7  0  6  0  0  0  0  0  0  0  0  0  0  0.75219109D-18
 480 C9H4+       1  4  0  9  0  0  0  0  0  0  0  0  0  0  0.61025013D-23
 481 C8H4N+      1  4  0  8  1  0  0  0  0  0  0  0  0  0  0.10256131D-23
 482 C8H5+       1  5  0  8  0  0  0  0  0  0  0  0  0  0  0.17510878D-20
 483 C9H3N+      1  3  0  9  1  0  0  0  0  0  0  0  0  0  0.33052714D-23
 484 C10H3+      1  3  0 10  0  0  0  0  0  0  0  0  0  0  0.13128172D-24
 485 H2C10N+     1  2  0 10  1  0  0  0  0  0  0  0  0  0  0.48972348D-27
 486 C9H5+       1  5  0  9  0  0  0  0  0  0  0  0  0  0  0.45688557D-23
 487 GRAIN0      0  0  0  0  0  0  0  0  0  0  0  0  0  0  0.59273081D-14
 488 GRAIN-     -1  0  0  0  0  0  0  0  0  0  0  0  0  0  0.13155727D-11
 489 XH          0  1  0  0  0  0  0  0  0  0  0  0  0  0  0.34792894D-13
